2459401.842664 1.1574074074074e-05 1.0026483373928 0.039650375984403              1              1
2459401.8427797 1.1574074074074e-05 0.92649950544393 0.039164265624843              1              1
2459401.8428955 1.1574074074074e-05 0.88587489790391 0.038700192484224              1              1
2459401.8430113 1.1574074074074e-05 0.92654787439453 0.038945909958918              1              1
2459401.843127 1.1574074074074e-05 0.94999708094904 0.039953637005673              1              1
2459401.8432428 1.1574074074074e-05 0.94919230346342 0.039314442762679              1              1
2459401.8433585 1.1574074074074e-05 0.94922994406791 0.040322957820256              1              1
2459401.8434743 1.1574074074074e-05 0.93722519330843 0.039494263118402              1              1
2459401.84359 1.1574074074074e-05 0.98166827005823 0.04080741907347              1              1
2459401.8437058 1.1574074074074e-05 0.92283109817728 0.038639933032637              1              1
2459401.8438216 1.1574074074074e-05 0.96211400028768 0.038826401152085              1              1
2459401.8439373 1.1574074074074e-05 0.95364406384556 0.03956854645839              1              1
2459401.8440531 1.1574074074074e-05 0.98650103443191 0.038881051801536              1              1
2459401.8441688 1.1574074074074e-05 1.0197051353392 0.040817814190702              1              1
2459401.8442846 1.1574074074074e-05 1.024845728989 0.039991926167161              1              1
2459401.8444004 1.1574074074074e-05 0.9872604946591 0.042002192703244              1              1
2459401.8445161 1.1574074074074e-05 0.9824647506685 0.042177066083136              1              1
2459401.8446319 1.1574074074074e-05 0.96020105969495 0.042279751622688              1              1
2459401.8447476 1.1574074074074e-05 1.0258331065602 0.042499109889199              1              1
2459401.8448634 1.1574074074074e-05 1.0586064499269 0.043060118916083              1              1
2459401.8449792 1.1574074074074e-05 1.0599809508296 0.043347393682337              1              1
2459401.8450949 1.1574074074074e-05 1.046639062757 0.043335287988184              1              1
2459401.8452107 1.1574074074074e-05 1.075847689992 0.041875285705041              1              1
2459401.8453264 1.1574074074074e-05 1.0627561607089 0.043237066997633              1              1
2459401.8454422 1.1574074074074e-05 1.0333059615321 0.043361469806931              1              1
2459401.845558 1.1574074074074e-05 1.0596860871236 0.043538409356041              1              1
2459401.8456737 1.1574074074074e-05 1.1528350946452 0.043805287615992              1              1
2459401.8457895 1.1574074074074e-05 1.0849401631182 0.042733576020155              1              1
2459401.8459052 1.1574074074074e-05 1.0949386020404 0.042652933708674              1              1
2459401.846021 1.1574074074074e-05 1.0884469876948 0.04248644722791              1              1
2459401.8461368 1.1574074074074e-05 1.0714855539991 0.042546039566737              1              1
2459401.8462525 1.1574074074074e-05 1.050055573805 0.041358626570065              1              1
2459401.8463683 1.1574074074074e-05 1.1421032960196 0.041588283169376              1              1
2459401.846484 1.1574074074074e-05 1.117643523544 0.042448909473282              1              1
2459401.8465998 1.1574074074074e-05 1.1095946906325 0.042532136045928              1              1
2459401.8467155 1.1574074074074e-05 1.053959024277 0.04202770489369              1              1
2459401.8468313 1.1574074074074e-05 1.1071371640974 0.04272221745405              1              1
2459401.8469471 1.1574074074074e-05 1.1522973638238 0.044006594075877              1              1
2459401.8470628 1.1574074074074e-05 1.1024705543001 0.042572241784774              1              1
2459401.8471786 1.1574074074074e-05 1.1437510056297 0.042659634464015              1              1
2459401.8472943 1.1574074074074e-05 1.0951166026353 0.041901757235471              1              1
2459401.8474101 1.1574074074074e-05 1.0913899735045 0.043555918728165              1              1
2459401.8475259 1.1574074074074e-05 1.0888211981791 0.04513303513373              1              1
2459401.8476416 1.1574074074074e-05 1.110624004045 0.044085027420246              1              1
2459401.8477574 1.1574074074074e-05 1.0110083582457 0.042738474048272              1              1
2459401.8478731 1.1574074074074e-05 1.1109555462324 0.043184681469484              1              1
2459401.8479889 1.1574074074074e-05 1.0862025109433 0.042062511813294              1              1
2459401.8481047 1.1574074074074e-05 1.0948028692757 0.044125459647788              1              1
2459401.8482204 1.1574074074074e-05 1.0813620693075 0.042742847687758              1              1
2459401.8483362 1.1574074074074e-05 1.104585560794 0.042328620565762              1              1
2459401.8484964 1.1574074074074e-05 1.0256472137802 0.041206096546771              1              1
2459401.8486122 1.1574074074074e-05 1.0578179799066 0.041595854470287              1              1
2459401.8487279 1.1574074074074e-05 1.0962758538196 0.042974357264588              1              1
2459401.8488437 1.1574074074074e-05 1.0682914630677 0.043297612574046              1              1
2459401.8489594 1.1574074074074e-05 1.0270721798717 0.040645835203435              1              1
2459401.8490752 1.1574074074074e-05 1.011869844601 0.040790037941499              1              1
2459401.849191 1.1574074074074e-05 1.0130474807558 0.040461476758273              1              1
2459401.8493067 1.1574074074074e-05 1.0261050555433 0.040712470976738              1              1
2459401.8494225 1.1574074074074e-05 0.94442233635436 0.040482974647167              1              1
2459401.8495382 1.1574074074074e-05 1.0111517753083 0.040260419747009              1              1
2459401.849654 1.1574074074074e-05  1.01310962126 0.040014911180203              1              1
2459401.8497698 1.1574074074074e-05 1.0040383460815 0.04163291483332              1              1
2459401.8498855 1.1574074074074e-05 0.97353636369444 0.040819812129682              1              1
2459401.8500013 1.1574074074074e-05 0.93544636820019 0.038419545381978              1              1
2459401.850117 1.1574074074074e-05 0.96776409348422 0.039454997657434              1              1
2459401.8502328 1.1574074074074e-05 0.97845214476276 0.040559768394012              1              1
2459401.8503486 1.1574074074074e-05 1.0331683358809 0.039986859605522              1              1
2459401.8504643 1.1574074074074e-05 0.97193347258265 0.038818267626483              1              1
2459401.8505801 1.1574074074074e-05 0.95894273264344 0.040848965707869              1              1
2459401.8506958 1.1574074074074e-05 0.99952206230849 0.042571252999013              1              1
2459401.8508116 1.1574074074074e-05 1.0024739310054 0.040515938249253              1              1
2459401.8509274 1.1574074074074e-05 0.90854149257821 0.041157513032148              1              1
2459401.8510431 1.1574074074074e-05 0.93448208130884 0.040308435317472              1              1
2459401.8511589 1.1574074074074e-05 0.93721547265121 0.03982897369457              1              1
2459401.8512746 1.1574074074074e-05 0.91220518083898 0.039550618231846              1              1
2459401.8513904 1.1574074074074e-05 0.89902180953631 0.041105557408711              1              1
2459401.8515062 1.1574074074074e-05 0.92394083282317 0.039706904879006              1              1
2459401.8516219 1.1574074074074e-05 0.93651243722223 0.040452452463552              1              1
2459401.8517377 1.1574074074074e-05 0.94442588891766 0.041342856970404              1              1
2459401.8518534 1.1574074074074e-05 0.96046154743912 0.041792064184725              1              1
2459401.8519692 1.1574074074074e-05 0.92965139167659 0.042444382782058              1              1
2459401.8520849 1.1574074074074e-05 0.91637086335417 0.039799775958696              1              1
2459401.8522007 1.1574074074074e-05 0.90764927363004 0.041804548850073              1              1
2459401.8523165 1.1574074074074e-05 0.9110200865036 0.041125746778755              1              1
2459401.8524322 1.1574074074074e-05 0.90296187008365 0.038749649943954              1              1
2459401.852548 1.1574074074074e-05 0.91976153620805 0.039809623277703              1              1
2459401.8526637 1.1574074074074e-05 0.92588551156946 0.039631841656722              1              1
2459401.8527795 1.1574074074074e-05 0.96619870313933 0.039770890928253              1              1
2459401.8528953 1.1574074074074e-05 0.9175305144171 0.040360579813069              1              1
2459401.853011 1.1574074074074e-05 0.9083427570395 0.040644853000941              1              1
2459401.8531268 1.1574074074074e-05 0.88253679747027 0.04145265165959              1              1
2459401.8532425 1.1574074074074e-05 0.9303311707481 0.041241484888833              1              1
2459401.8533583 1.1574074074074e-05 0.94465713659738 0.039400755443024              1              1
2459401.8534741 1.1574074074074e-05 0.92961799062778 0.039332465132626              1              1
2459401.8535898 1.1574074074074e-05 0.89827292249755 0.039687427408634              1              1
2459401.8537056 1.1574074074074e-05 0.99583003001518 0.044920762891611              1              1
2459401.8538213 1.1574074074074e-05 0.96367166212191 0.04080355277077              1              1
2459401.8539371 1.1574074074074e-05 0.91918208038511 0.040123858763107              1              1
2459401.8540529 1.1574074074074e-05 0.95948397274128 0.042441132477088              1              1
2459401.8541686 1.1574074074074e-05 0.99286570035944 0.042369349138333              1              1
2459401.8543277 1.1574074074074e-05 0.97520308995153 0.042404743556975              1              1
2459401.8544435 1.1574074074074e-05 0.98296705741934 0.041503053535483              1              1
2459401.8545593 1.1574074074074e-05 1.0500726825183 0.044599746242627              1              1
2459401.854675 1.1574074074074e-05 0.98781403559074 0.041728099385909              1              1
2459401.8547908 1.1574074074074e-05 1.003067543059 0.041735913724346              1              1
2459401.8549065 1.1574074074074e-05 1.0089471492496 0.041953642071515              1              1
2459401.8550223 1.1574074074074e-05 0.96367750303141 0.042518357916504              1              1
2459401.8551381 1.1574074074074e-05 0.99422836104069 0.043344518071615              1              1
2459401.8552538 1.1574074074074e-05 1.0262811925272 0.043743851705839              1              1
2459401.8553696 1.1574074074074e-05 1.0273957724689 0.041919047332153              1              1
2459401.8554853 1.1574074074074e-05 1.0652105356403 0.045252637286032              1              1
2459401.8556011 1.1574074074074e-05 0.96340309927149 0.043521068154513              1              1
2459401.8557169 1.1574074074074e-05 1.0626386195932 0.044406216666152              1              1
2459401.8558326 1.1574074074074e-05 1.0443557982328 0.042253525653137              1              1
2459401.8559484 1.1574074074074e-05 1.0965154143569 0.045764058443005              1              1
2459401.8560641 1.1574074074074e-05 1.0648853028343 0.041850928263853              1              1
2459401.8561799 1.1574074074074e-05 1.0799726302308 0.041725250066921              1              1
2459401.8562957 1.1574074074074e-05 1.0601564127463 0.043455174515396              1              1
2459401.8564114 1.1574074074074e-05  1.09098661926 0.044089833475111              1              1
2459401.8565272 1.1574074074074e-05 1.073905489119 0.047525659079971              1              1
2459401.8566429 1.1574074074074e-05 1.0883060970324 0.051471763383147              1              1
2459401.8567587 1.1574074074074e-05 1.1408212024774 0.049485916328117              1              1
2459401.8568745 1.1574074074074e-05 1.1090742560226 0.043943652496599              1              1
2459401.8569902 1.1574074074074e-05 1.0210154628865 0.042461483257047              1              1
2459401.857106 1.1574074074074e-05 1.1438055884106 0.04397573479579              1              1
2459401.8572217 1.1574074074074e-05 1.042911355757 0.046917742416752              1              1
2459401.8573375 1.1574074074074e-05 1.089165629552 0.046615470751804              1              1
2459401.8574532 1.1574074074074e-05 1.0996263038729 0.045034055451347              1              1
2459401.857569 1.1574074074074e-05 1.0912583833354 0.043408352342363              1              1
2459401.8576848 1.1574074074074e-05 1.129244700779 0.044254475943357              1              1
2459401.8578005 1.1574074074074e-05 1.0943972123066 0.044823945972986              1              1
2459401.8579163 1.1574074074074e-05 1.103075702074 0.044584398977853              1              1
2459401.858032 1.1574074074074e-05 1.0856997916268 0.04339387363175              1              1
2459401.8581478 1.1574074074074e-05 1.0925947549931 0.046359100162057              1              1
2459401.8582636 1.1574074074074e-05 1.0451315559727 0.044607358265143              1              1
2459401.8583793 1.1574074074074e-05 1.0866702723024 0.043886960944744              1              1
2459401.8584951 1.1574074074074e-05 1.0508959497041 0.045606749433143              1              1
2459401.8586108 1.1574074074074e-05 1.1548590033158 0.046615265464138              1              1
2459401.8587266 1.1574074074074e-05 1.0576888378017 0.043670059364233              1              1
2459401.8588424 1.1574074074074e-05 1.0708990753152 0.044495706473347              1              1
2459401.8589581 1.1574074074074e-05 1.0512372494061 0.04554017724653              1              1
2459401.8590739 1.1574074074074e-05 1.0588696898594 0.042255363210354              1              1
2459401.8591896 1.1574074074074e-05 1.041601921647 0.042042567499119              1              1
2459401.8593054 1.1574074074074e-05 1.0793559517295 0.046154895328226              1              1
2459401.8594212 1.1574074074074e-05 1.0097883117789 0.04479888992787              1              1
2459401.8595369 1.1574074074074e-05 1.0672010269571 0.043800641310102              1              1
2459401.8596527 1.1574074074074e-05 1.0500980250072 0.042993542175686              1              1
2459401.8597684 1.1574074074074e-05 1.0038787635115 0.041343648255005              1              1
2459401.8598842 1.1574074074074e-05 1.0344677616905 0.04337503297284              1              1
2459401.86 1.1574074074074e-05 1.0023073724367 0.043896673245402              1              1
2459401.8601596 1.1574074074074e-05 1.0107570543148 0.045694459198749              1              1
2459401.8602753 1.1574074074074e-05 0.96637601572916 0.042560601729005              1              1
2459401.8603911 1.1574074074074e-05 0.95942858091237 0.040979273613186              1              1
2459401.8605069 1.1574074074074e-05 0.9886961919411 0.042865041872828              1              1
2459401.8606226 1.1574074074074e-05 0.99512958871795 0.042250114003758              1              1
2459401.8607384 1.1574074074074e-05 0.97304870324802 0.041390398786215              1              1
2459401.8608541 1.1574074074074e-05 0.93868603409596 0.041709622656275              1              1
2459401.8609699 1.1574074074074e-05 0.96436975215088 0.044176251762751              1              1
2459401.8610857 1.1574074074074e-05 0.96403213237965 0.043915660510894              1              1
2459401.8612014 1.1574074074074e-05 1.0054637544126 0.043937840500731              1              1
2459401.8613172 1.1574074074074e-05 0.95451743848937 0.044951362019891              1              1
2459401.8614329 1.1574074074074e-05 0.92606611012121 0.042416061398177              1              1
2459401.8615487 1.1574074074074e-05 0.95381352737015 0.042978913950257              1              1
2459401.8616645 1.1574074074074e-05 0.9702289490736 0.041265706551382              1              1
2459401.8617802 1.1574074074074e-05 0.90245774718207 0.041584375219697              1              1
2459401.861896 1.1574074074074e-05 0.92195780706757 0.044210202261757              1              1
2459401.8620117 1.1574074074074e-05 0.92960160102992 0.045595861246941              1              1
2459401.8621275 1.1574074074074e-05 0.92532765777019 0.04240953554889              1              1
2459401.8622433 1.1574074074074e-05 0.95397991276815 0.0450542660504              1              1
2459401.862359 1.1574074074074e-05 0.86848334819029 0.041325278276022              1              1
2459401.8624748 1.1574074074074e-05 0.96997192545487 0.044744429504556              1              1
2459401.8625905 1.1574074074074e-05 0.86799424352523 0.041627299801884              1              1
2459401.8627063 1.1574074074074e-05 0.91175808751588 0.044131352352342              1              1
2459401.862822 1.1574074074074e-05 0.9643611825983 0.048049095278387              1              1
2459401.8629378 1.1574074074074e-05 0.9276330411816 0.042566138123644              1              1
2459401.8630536 1.1574074074074e-05 0.89141254185548 0.046071525229733              1              1
2459401.8631693 1.1574074074074e-05 0.89483314894238 0.043186088029434              1              1
2459401.8632851 1.1574074074074e-05 0.94847871446299 0.042277783880612              1              1
2459401.8634008 1.1574074074074e-05 0.95353872812718 0.044734451831974              1              1
2459401.8635166 1.1574074074074e-05 0.98288211817698 0.043255872021153              1              1
2459401.8636324 1.1574074074074e-05 0.97961268859124 0.041834388717592              1              1
2459401.8637481 1.1574074074074e-05 0.8964454854981 0.04236958217688              1              1
2459401.8638639 1.1574074074074e-05 0.89926495367113 0.051258790396709              1              1
2459401.8639796 1.1574074074074e-05 0.96263610956594 0.050190622591241              1              1
2459401.8640954 1.1574074074074e-05 0.95934958723719 0.047127475743287              1              1
2459401.8642112 1.1574074074074e-05 0.91530205549184 0.04538159632676              1              1
2459401.8643269 1.1574074074074e-05 0.89323204884374 0.041227790481002              1              1
2459401.8644427 1.1574074074074e-05 0.92334002946676 0.043011064607745              1              1
2459401.8645584 1.1574074074074e-05 0.96440618986125 0.043163136085974              1              1
2459401.8646742 1.1574074074074e-05 0.95077166467524 0.04384336862559              1              1
2459401.86479 1.1574074074074e-05 0.97738878665327 0.042432707074602              1              1
2459401.8649057 1.1574074074074e-05 0.88533460915249 0.041993866546597              1              1
2459401.8650215 1.1574074074074e-05 0.98382084493814 0.046797733501619              1              1
2459401.8651372 1.1574074074074e-05 1.0008265448611 0.042359076578877              1              1
2459401.865253 1.1574074074074e-05 1.0299899767052 0.045498497911658              1              1
2459401.8653687 1.1574074074074e-05 1.0264506919625 0.044723476218965              1              1
2459401.8654845 1.1574074074074e-05 1.0191507204063 0.046561261968815              1              1
2459401.8656003 1.1574074074074e-05 1.0875726370096 0.045343447384051              1              1
2459401.865716 1.1574074074074e-05 1.0358853484514 0.043613894773439              1              1
2459401.8658318 1.1574074074074e-05 0.9977917897401 0.04189161277659              1              1
2459401.8659911 1.1574074074074e-05 0.98969001374312 0.040952690223853              1              1
2459401.8661069 1.1574074074074e-05 1.1009945119439 0.043823899200906              1              1
2459401.8662226 1.1574074074074e-05 1.040278174268 0.044243855395756              1              1
2459401.8663384 1.1574074074074e-05 1.1103005444122 0.04480738102079              1              1
2459401.8664542 1.1574074074074e-05 0.97863218410921 0.045378782570095              1              1
2459401.8665699 1.1574074074074e-05 1.0705271647902 0.044844397810348              1              1
2459401.8666857 1.1574074074074e-05 1.0598612481129 0.044466044466729              1              1
2459401.8668014 1.1574074074074e-05 1.0771677894037 0.046596404026196              1              1
2459401.8669172 1.1574074074074e-05 1.0347346833711 0.043584768254319              1              1
2459401.867033 1.1574074074074e-05 1.0572887218733 0.049402068873472              1              1
2459401.8671487 1.1574074074074e-05 1.1056242586746 0.045586133778106              1              1
2459401.8672645 1.1574074074074e-05 1.0479367256426 0.045192603591892              1              1
2459401.8673802 1.1574074074074e-05 1.1286844166022 0.044163636885129              1              1
2459401.867496 1.1574074074074e-05 1.1118950591632 0.046248667972127              1              1
2459401.8676117 1.1574074074074e-05 1.0820998447537 0.043720126099402              1              1
2459401.8677275 1.1574074074074e-05 1.0728829946294 0.043310206966338              1              1
2459401.8678433 1.1574074074074e-05 1.0844058907048 0.042848207216036              1              1
2459401.867959 1.1574074074074e-05 1.1138951662643 0.04524315457586              1              1
2459401.8680748 1.1574074074074e-05 1.0850757513908 0.045741908787998              1              1
2459401.8681905 1.1574074074074e-05 1.1431105803014 0.046348133594535              1              1
2459401.8683063 1.1574074074074e-05 1.1292858057587 0.044723112947274              1              1
2459401.8684221 1.1574074074074e-05 1.0784477273617 0.043116511322098              1              1
2459401.8685378 1.1574074074074e-05 1.0783965543444 0.042743601689446              1              1
2459401.8686536 1.1574074074074e-05 1.0323489432604 0.042054747125654              1              1
2459401.8687693 1.1574074074074e-05 1.0568383421997 0.042805654099854              1              1
2459401.8688851 1.1574074074074e-05 1.0702865920765 0.044599667860147              1              1
2459401.8690009 1.1574074074074e-05 1.0894475324374 0.04470393436112              1              1
2459401.8691166 1.1574074074074e-05 1.0554238831104 0.043573033136167              1              1
2459401.8692324 1.1574074074074e-05 1.066818842556 0.045632466981208              1              1
2459401.8693481 1.1574074074074e-05 1.0394054546793 0.046691220343748              1              1
2459401.8694639 1.1574074074074e-05 1.0605622762747 0.043625497185497              1              1
2459401.8695797 1.1574074074074e-05 1.0504829349492 0.043734565732043              1              1
2459401.8696954 1.1574074074074e-05 1.0804503970352 0.044391983988789              1              1
2459401.8698112 1.1574074074074e-05 1.0020413056997 0.043073204115834              1              1
2459401.8699269 1.1574074074074e-05 1.0162450502139 0.041829390829961              1              1
2459401.8700427 1.1574074074074e-05 1.0613957768178 0.042768825989731              1              1
2459401.8701585 1.1574074074074e-05 0.95798472653703 0.041507691982948              1              1
2459401.8702742 1.1574074074074e-05 0.97905152110357 0.041354506087513              1              1
2459401.87039 1.1574074074074e-05 1.0156315610996 0.042362442714494              1              1
2459401.8705057 1.1574074074074e-05 1.0455024865199 0.045955018421706              1              1
2459401.8706215 1.1574074074074e-05 0.96415435296917 0.043152147434338              1              1
2459401.8707372 1.1574074074074e-05 1.025611063941 0.048196607290054              1              1
2459401.870853 1.1574074074074e-05 1.0528334676773 0.046985610474814              1              1
2459401.8709688 1.1574074074074e-05 1.0238227920136 0.043216011000576              1              1
2459401.8710845 1.1574074074074e-05 0.94714768004472 0.044504787955              1              1
2459401.8712003 1.1574074074074e-05 0.94016777607358 0.046766673413005              1              1
2459401.871316 1.1574074074074e-05 1.0004362846069 0.048237959703033              1              1
2459401.8714318 1.1574074074074e-05 1.0085245128919 0.044352356177873              1              1
2459401.8715476 1.1574074074074e-05 0.96067270347831 0.04345900325259              1              1
2459401.8716633 1.1574074074074e-05 0.96372571017529 0.045690707599464              1              1
2459401.8718225 1.1574074074074e-05 0.95836767182385 0.041977906942879              1              1
2459401.8719382 1.1574074074074e-05 0.96078149880949 0.045929937930608              1              1
2459401.872054 1.1574074074074e-05 0.94392068003939 0.043581804455704              1              1
2459401.8721697 1.1574074074074e-05 0.96614987726181 0.045526511220161              1              1
2459401.8722855 1.1574074074074e-05 0.94537687783324 0.04086612734325              1              1
2459401.8724013 1.1574074074074e-05 0.91658200132374 0.044498309501651              1              1
2459401.872517 1.1574074074074e-05 0.95729517728487 0.044443251532479              1              1
2459401.8726328 1.1574074074074e-05 1.0065005484508 0.046103325661607              1              1
2459401.8727485 1.1574074074074e-05 0.95912127102271 0.044780165302716              1              1
2459401.8728643 1.1574074074074e-05 0.90653953863525 0.042659413600301              1              1
2459401.87298 1.1574074074074e-05 0.95982414981676 0.04386088358954              1              1
2459401.8730958 1.1574074074074e-05 0.92486690599134 0.042522616367418              1              1
2459401.8732116 1.1574074074074e-05 0.94817259626185 0.044479141526357              1              1
2459401.8733273 1.1574074074074e-05 0.94084966408564 0.042323747537508              1              1
2459401.8734431 1.1574074074074e-05 0.92375038878194 0.042873592845689              1              1
2459401.8735588 1.1574074074074e-05 0.86489509509434 0.046575308941405              1              1
2459401.8736746 1.1574074074074e-05 0.87646515218211 0.045565466627204              1              1
2459401.8737904 1.1574074074074e-05 0.92192464639743 0.04328131943906              1              1
2459401.8739061 1.1574074074074e-05 0.95592570270081 0.044737789346761              1              1
2459401.8740219 1.1574074074074e-05 0.91986102873533 0.043314000306686              1              1
2459401.8741376 1.1574074074074e-05 0.92436210227153 0.042981306480579              1              1
2459401.8742534 1.1574074074074e-05 0.93016716927263 0.043268620503437              1              1
2459401.8743692 1.1574074074074e-05 0.91082906208636 0.043413749537858              1              1
2459401.8744849 1.1574074074074e-05 0.94678733086629 0.040064497297237              1              1
2459401.8746007 1.1574074074074e-05 0.96763649653968 0.0441229545169              1              1
2459401.8747164 1.1574074074074e-05 0.93381392919677 0.043232126351702              1              1
2459401.8748322 1.1574074074074e-05 0.92166167421386 0.041201173794892              1              1
2459401.874948 1.1574074074074e-05 0.97586392703893 0.041993063354038              1              1
2459401.8750637 1.1574074074074e-05 0.91880895664092 0.040254616694204              1              1
2459401.8751795 1.1574074074074e-05 0.98047350941015 0.041603031178665              1              1
2459401.8752952 1.1574074074074e-05 0.97684024103191 0.041060691826017              1              1
2459401.875411 1.1574074074074e-05 1.0048924063967 0.042120002240586              1              1
2459401.8755268 1.1574074074074e-05 0.94239115092037 0.041000267605846              1              1
2459401.8756425 1.1574074074074e-05 0.95436944923341 0.041978922510485              1              1
2459401.8757583 1.1574074074074e-05 1.043325438773 0.044337295593036              1              1
2459401.875874 1.1574074074074e-05 1.047882470724 0.042915603260515              1              1
2459401.8759898 1.1574074074074e-05 0.99617934399894 0.042413398583333              1              1
2459401.8761055 1.1574074074074e-05 1.0094762169129 0.042221438730198              1              1
2459401.8762213 1.1574074074074e-05 0.99610065976999 0.042954526592312              1              1
2459401.8763371 1.1574074074074e-05 1.0643282105921 0.042697793514238              1              1
2459401.8764528 1.1574074074074e-05 1.0178279330234 0.044109088924543              1              1
2459401.8765686 1.1574074074074e-05 1.058191597118 0.044748335762137              1              1
2459401.8766843 1.1574074074074e-05 1.0695554051164 0.044886814982614              1              1
2459401.8768001 1.1574074074074e-05 1.1076739433459 0.04466256488553              1              1
2459401.8769159 1.1574074074074e-05 1.0982337838547 0.045141424546611              1              1
2459401.8770316 1.1574074074074e-05 1.0756638897799 0.044233308971886              1              1
2459401.8771474 1.1574074074074e-05 1.0388479611694 0.043875485392289              1              1
2459401.8772631 1.1574074074074e-05 1.0386984953822 0.043077286543285              1              1
2459401.8773789 1.1574074074074e-05 1.0788914598698 0.043989136775808              1              1
2459401.8774947 1.1574074074074e-05 1.0678449725821 0.045094982561926              1              1
2459401.8776543 1.1574074074074e-05 1.044329459769 0.043026746089325              1              1
2459401.8777701 1.1574074074074e-05 1.1107821504549 0.044209714870381              1              1
2459401.8778858 1.1574074074074e-05 1.0503070365276 0.043247314803159              1              1
2459401.8780016 1.1574074074074e-05 1.103792464529 0.044755475275922              1              1
2459401.8781173 1.1574074074074e-05 1.121857797296 0.045873664959143              1              1
2459401.8782331 1.1574074074074e-05 1.0195347856459 0.054417536845481              1              1
2459401.8783488 1.1574074074074e-05 1.0986488756319 0.047104220373677              1              1
2459401.8784646 1.1574074074074e-05 1.0984128420027 0.043309205286982              1              1
2459401.8785804 1.1574074074074e-05 1.0417570318688 0.041992358588196              1              1
2459401.8786961 1.1574074074074e-05 1.0966577299333 0.043494385709084              1              1
2459401.8788119 1.1574074074074e-05 1.1237891903065 0.042228353773776              1              1
2459401.8789276 1.1574074074074e-05 1.1662786218317 0.045665617136009              1              1
2459401.8790434 1.1574074074074e-05 1.0817118765356 0.046815002081406              1              1
2459401.8791592 1.1574074074074e-05 1.0832427946142 0.044070608978998              1              1
2459401.8792749 1.1574074074074e-05 1.1082899187103 0.04568971298768              1              1
2459401.8793907 1.1574074074074e-05 1.1046286225449 0.046252408297483              1              1
2459401.8795064 1.1574074074074e-05 1.0913037320743 0.044247592523425              1              1
2459401.8796222 1.1574074074074e-05 1.0978963305013 0.046709957979171              1              1
2459401.879738 1.1574074074074e-05 1.0720677685159 0.0432867201285              1              1
2459401.8798537 1.1574074074074e-05 1.0801253980117 0.043961563761954              1              1
2459401.8799695 1.1574074074074e-05 0.95831844250992 0.042905072373976              1              1
2459401.8800852 1.1574074074074e-05 1.0237199762242 0.042289372145995              1              1
2459401.880201 1.1574074074074e-05 1.0948479455694 0.044246972952529              1              1
2459401.8803168 1.1574074074074e-05 1.0586450207708 0.043248562078092              1              1
2459401.8804325 1.1574074074074e-05 1.0495495024777 0.043941826835922              1              1
2459401.8805483 1.1574074074074e-05 0.98304895402199 0.041686651863569              1              1
2459401.880664 1.1574074074074e-05 1.026216109856 0.043338966415003              1              1
2459401.8807798 1.1574074074074e-05 0.99184132802497 0.041493307545657              1              1
2459401.8808955 1.1574074074074e-05 0.97531322276137 0.041597517497819              1              1
2459401.8810113 1.1574074074074e-05 0.97794484275163 0.041059961557516              1              1
2459401.8811271 1.1574074074074e-05 1.0023456695619 0.043199023949541              1              1
2459401.8812428 1.1574074074074e-05 0.98779650132822 0.042265893191819              1              1
2459401.8813586 1.1574074074074e-05 0.95793040485083 0.042208874415106              1              1
2459401.8814743 1.1574074074074e-05 0.95024688427885 0.040818528525666              1              1
2459401.8815901 1.1574074074074e-05 0.94356245633643 0.039718225361167              1              1
2459401.8817059 1.1574074074074e-05 0.95620137054846 0.040328851971533              1              1
2459401.8818216 1.1574074074074e-05 0.9063749023697 0.039999544480452              1              1
2459401.8819374 1.1574074074074e-05 0.89149762560354 0.039230046854265              1              1
2459401.8820531 1.1574074074074e-05 0.99825268484426 0.043815427203635              1              1
2459401.8821689 1.1574074074074e-05 1.0108284254683 0.041684718080294              1              1
2459401.8822847 1.1574074074074e-05 0.9250831137566 0.040265894460388              1              1
2459401.8824004 1.1574074074074e-05 0.92084195344386 0.042360631333141              1              1
2459401.8825162 1.1574074074074e-05 0.93657340103247 0.044670666823438              1              1
2459401.8826319 1.1574074074074e-05 0.89375625323198 0.046525736801618              1              1
2459401.8827477 1.1574074074074e-05 0.96841249480243 0.045434050773211              1              1
2459401.8828635 1.1574074074074e-05 0.95653865667266 0.041602444895126              1              1
2459401.8829792 1.1574074074074e-05 0.94202293117227 0.039763782019332              1              1
2459401.883095 1.1574074074074e-05 0.93827420081411 0.043520172760014              1              1
2459401.8832107 1.1574074074074e-05 0.91760646890237 0.039970080826855              1              1
2459401.8833265 1.1574074074074e-05 0.9690874892247 0.040707073363533              1              1
2459401.8834856 1.1574074074074e-05 0.92897623301456 0.040254246289136              1              1
2459401.8836014 1.1574074074074e-05 0.94056527811493 0.040751846150226              1              1
2459401.8837171 1.1574074074074e-05 0.96634174931436 0.041905539866191              1              1
2459401.8838329 1.1574074074074e-05 0.90607596616888 0.038788745022494              1              1
2459401.8839487 1.1574074074074e-05 0.93872130373102 0.042438817375154              1              1
2459401.8840644 1.1574074074074e-05 0.85589902236151 0.040307238727842              1              1
2459401.8841802 1.1574074074074e-05 0.95111039679994 0.040217654846277              1              1
2459401.8842959 1.1574074074074e-05 0.92567875962059 0.041726669187223              1              1
2459401.8844117 1.1574074074074e-05 0.92078150215304 0.040043117488906              1              1
2459401.8845275 1.1574074074074e-05 0.90813272797995 0.043254766124464              1              1
2459401.8846432 1.1574074074074e-05 0.94319143401389 0.041697618082124              1              1
2459401.884759 1.1574074074074e-05 0.93587324094838 0.042908822374627              1              1
2459401.8848747 1.1574074074074e-05 0.97831175774355 0.043789063392451              1              1
2459401.8849905 1.1574074074074e-05 0.94247749503446 0.042687220720034              1              1
2459401.8851063 1.1574074074074e-05 0.94385943132525 0.04361964180724              1              1
2459401.885222 1.1574074074074e-05 0.94371346574451 0.040779724446939              1              1
2459401.8853378 1.1574074074074e-05 0.96731296027217 0.041511865975024              1              1
2459401.8854535 1.1574074074074e-05 0.95746983026911 0.041174470516692              1              1
2459401.8855693 1.1574074074074e-05 0.98164900338052 0.041383771964198              1              1
2459401.8856851 1.1574074074074e-05 0.99523684585746 0.038731721581593              1              1
2459401.8858008 1.1574074074074e-05 0.98196933659861 0.041188009312274              1              1
2459401.8859166 1.1574074074074e-05 0.94282053104843 0.042327701852936              1              1
2459401.8860323 1.1574074074074e-05 0.96746781127695 0.041833583519912              1              1
2459401.8861481 1.1574074074074e-05 1.0067531997721 0.042006542391006              1              1
2459401.8862638 1.1574074074074e-05 1.0214641602185 0.042631530299095              1              1
2459401.8863796 1.1574074074074e-05 1.057366574292 0.0443340282722              1              1
2459401.8864954 1.1574074074074e-05 1.0010699430194 0.040924242953623              1              1
2459401.8866111 1.1574074074074e-05 1.0253291409458 0.042410457023834              1              1
2459401.8867269 1.1574074074074e-05 1.0865706171276 0.042342189299142              1              1
2459401.8868426 1.1574074074074e-05  1.05312137099 0.041610777387323              1              1
2459401.8869584 1.1574074074074e-05 1.0258666215277 0.041363909074395              1              1
2459401.8870742 1.1574074074074e-05 1.0684728596847 0.041836516611367              1              1
2459401.8871899 1.1574074074074e-05 1.1439803554133 0.044046521564086              1              1
2459401.8873057 1.1574074074074e-05 1.0994473408447 0.042313625040315              1              1
2459401.8874214 1.1574074074074e-05  1.07727306877 0.043305901929832              1              1
2459401.8875372 1.1574074074074e-05 1.0512620728576 0.042269737412602              1              1
2459401.887653 1.1574074074074e-05 1.0275772622749 0.041565399526547              1              1
2459401.8877687 1.1574074074074e-05 1.0619073613454 0.042973335442063              1              1
2459401.8878845 1.1574074074074e-05 1.0636169802678 0.041141877287919              1              1
2459401.8880002 1.1574074074074e-05 1.0817263530901 0.042154668336877              1              1
2459401.888116 1.1574074074074e-05 1.1163215007102 0.04168661637105              1              1
2459401.8882318 1.1574074074074e-05 1.0928125785123 0.041029632847557              1              1
2459401.8883475 1.1574074074074e-05 1.0922309646952 0.041881293634857              1              1
2459401.8884633 1.1574074074074e-05 1.0539570954493 0.041419616600019              1              1
2459401.888579 1.1574074074074e-05 1.0748221841878 0.042212933413534              1              1
2459401.8886948 1.1574074074074e-05 1.0477679452891 0.041317441725251              1              1
2459401.8888106 1.1574074074074e-05 1.1188629341192 0.041757317044897              1              1
2459401.8889263 1.1574074074074e-05 1.0507253520192 0.041567854171887              1              1
2459401.8890421 1.1574074074074e-05 1.0853933885827 0.044016630837799              1              1
2459401.8891578 1.1574074074074e-05 1.1036175936139 0.042754651050309              1              1
2459401.8893174 1.1574074074074e-05 1.0849013242619 0.043879962841061              1              1
2459401.8894331 1.1574074074074e-05 1.1113676178567 0.046462550653212              1              1
2459401.8895489 1.1574074074074e-05 1.0855963779037 0.045251054076982              1              1
2459401.8896646 1.1574074074074e-05 1.1405650148893 0.043385281192881              1              1
2459401.8897804 1.1574074074074e-05 1.1403143304798 0.044779270723238              1              1
2459401.8898962 1.1574074074074e-05 1.0326184231199 0.042479095723013              1              1
2459401.8900119 1.1574074074074e-05 1.0687785792421 0.041685029873681              1              1
2459401.8901277 1.1574074074074e-05 1.008702667198 0.041705975662996              1              1
2459401.8902434 1.1574074074074e-05 1.0138426602063 0.041850116017205              1              1
2459401.8903592 1.1574074074074e-05 0.93930664306499 0.040560968677806              1              1
2459401.890475 1.1574074074074e-05 1.0374742662977 0.04376729487677              1              1
2459401.8905907 1.1574074074074e-05 0.99890402545787 0.042515510565211              1              1
2459401.8907065 1.1574074074074e-05 1.0112578357597 0.045139708767782              1              1
2459401.8908222 1.1574074074074e-05 1.0923390436513 0.044295471502353              1              1
2459401.890938 1.1574074074074e-05 1.0081427973335 0.042337269468066              1              1
2459401.8910538 1.1574074074074e-05 0.98563985769574 0.042073900751043              1              1
2459401.8911695 1.1574074074074e-05 0.93831105351792 0.040398617758533              1              1
2459401.8912853 1.1574074074074e-05 1.0174486676472 0.04339025938583              1              1
2459401.891401 1.1574074074074e-05 0.9349862637027 0.040579008878763              1              1
2459401.8915168 1.1574074074074e-05 0.9794948742339 0.041269384034388              1              1
2459401.8916325 1.1574074074074e-05 0.96506775698191 0.042643983643648              1              1
2459401.8917483 1.1574074074074e-05 0.95191649996247 0.040774189044714              1              1
2459401.8918641 1.1574074074074e-05 0.99745009293885 0.042618037272914              1              1
2459401.8919798 1.1574074074074e-05 0.93427797754398 0.04431104166608              1              1
2459401.8920956 1.1574074074074e-05 0.97967350692051 0.042438372509052              1              1
2459401.8922113 1.1574074074074e-05 0.99959744755619 0.043295473642303              1              1
2459401.8923271 1.1574074074074e-05 0.95827900353701 0.038918121981197              1              1
2459401.8924429 1.1574074074074e-05 0.96205460468157 0.042401390397431              1              1
2459401.8925586 1.1574074074074e-05 0.90431294752818 0.039501147970072              1              1
2459401.8926744 1.1574074074074e-05 0.91815318080295 0.039154336202032              1              1
2459401.8927901 1.1574074074074e-05 0.93376033239064 0.039673705489065              1              1
2459401.8929059 1.1574074074074e-05 0.96605758960082 0.041263222156717              1              1
2459401.8930217 1.1574074074074e-05 0.90935296176634 0.039672278723446              1              1
2459401.8931374 1.1574074074074e-05 0.98930685961054 0.04068756813012              1              1
2459401.8932532 1.1574074074074e-05 0.92464444746163 0.040802368693147              1              1
2459401.8933689 1.1574074074074e-05 0.91843270354069 0.041179582247265              1              1
2459401.8934847 1.1574074074074e-05 0.93781043652236 0.043747497718208              1              1
2459401.8936005 1.1574074074074e-05 0.90230023253336 0.040503062868088              1              1
2459401.8937162 1.1574074074074e-05 0.93215202176788 0.039702572585946              1              1
2459401.893832 1.1574074074074e-05 0.90111334221835 0.039916547567186              1              1
2459401.8939477 1.1574074074074e-05 0.93762275677718 0.040580969025571              1              1
2459401.8940635 1.1574074074074e-05 0.921533363774 0.041955301454875              1              1
2459401.8941792 1.1574074074074e-05 0.9067091709102 0.041752766714177              1              1
2459401.894295 1.1574074074074e-05 0.92436926861827 0.041304801348425              1              1
2459401.8944108 1.1574074074074e-05 0.92058868070488 0.040068084828981              1              1
2459401.8945265 1.1574074074074e-05 0.90806062591722 0.039835697317641              1              1
2459401.8946423 1.1574074074074e-05 0.97467410770598 0.041312222209712              1              1
2459401.894758 1.1574074074074e-05 0.97087496709055 0.040198243461895              1              1
2459401.8948738 1.1574074074074e-05 0.90828175795573 0.040197128975495              1              1
2459401.8949896 1.1574074074074e-05 0.94850179607484 0.039213141134107              1              1
2459401.8951494 1.1574074074074e-05 0.96473489476308 0.041166795138313              1              1
2459401.8952652 1.1574074074074e-05 0.96360132053848 0.040441958925442              1              1
2459401.8953809 1.1574074074074e-05 0.96129122140145 0.040026973161726              1              1
2459401.8954967 1.1574074074074e-05 0.93737549136136 0.039241917936802              1              1
2459401.8956124 1.1574074074074e-05 0.9211852960905 0.04093924196083              1              1
2459401.8957282 1.1574074074074e-05 0.96049632749502 0.040317129796087              1              1
2459401.895844 1.1574074074074e-05 0.95177381292272 0.040784268626573              1              1
2459401.8959597 1.1574074074074e-05 0.96335971689848 0.040281326190738              1              1
2459401.8960755 1.1574074074074e-05 1.0077475452305 0.042607357352751              1              1
2459401.8961912 1.1574074074074e-05 0.91587907879904 0.041297362903047              1              1
2459401.896307 1.1574074074074e-05 0.96544411793241 0.043399476904067              1              1
2459401.8964227 1.1574074074074e-05 0.99863356322375 0.042192820445972              1              1
2459401.8965385 1.1574074074074e-05 1.0259568663724 0.04089529880304              1              1
2459401.8966543 1.1574074074074e-05 0.98861888276265 0.041731936819724              1              1
2459401.89677 1.1574074074074e-05 1.0548666245641 0.042616481173775              1              1
2459401.8968858 1.1574074074074e-05 1.0790990974718 0.0408094104776              1              1
2459401.8970015 1.1574074074074e-05 1.0133506353268 0.040469956879754              1              1
2459401.8971173 1.1574074074074e-05 1.0477507178864 0.041691045446444              1              1
2459401.8972331 1.1574074074074e-05  1.03348269666 0.040493490825655              1              1
2459401.8973488 1.1574074074074e-05 1.0190907790419 0.040241349813038              1              1
2459401.8974646 1.1574074074074e-05 1.0169544672657 0.039121744852299              1              1
2459401.8975803 1.1574074074074e-05 1.0361421044384 0.040643319928813              1              1
2459401.8976961 1.1574074074074e-05 1.0969872225459 0.041908097771951              1              1
2459401.8978119 1.1574074074074e-05 1.1182849370646 0.041957091819422              1              1
2459401.8979276 1.1574074074074e-05 1.0865167526955 0.042424572507878              1              1
2459401.8980434 1.1574074074074e-05 1.0454919114419 0.040975336196652              1              1
2459401.8981591 1.1574074074074e-05 1.0892445448591 0.043301087694112              1              1
2459401.8982749 1.1574074074074e-05 1.1294629949894 0.043404592956985              1              1
2459401.8983907 1.1574074074074e-05 1.0671050205953 0.040270057238949              1              1
2459401.8985064 1.1574074074074e-05 1.0416116212034 0.040882014146993              1              1
2459401.8986222 1.1574074074074e-05 1.0746348843391 0.04294349927671              1              1
2459401.8987379 1.1574074074074e-05 1.0655555615881 0.041476871296749              1              1
2459401.8988537 1.1574074074074e-05 1.0418187107078 0.041057932212616              1              1
2459401.8989695 1.1574074074074e-05 1.1314910668895 0.041578704430416              1              1
2459401.8990852 1.1574074074074e-05 1.0458092121972 0.040243480800329              1              1
2459401.899201 1.1574074074074e-05 1.082295445431 0.040738721137396              1              1
2459401.8993167 1.1574074074074e-05 1.0513419274368 0.040334373499804              1              1
2459401.8994325 1.1574074074074e-05 1.0714218004996 0.039849298638528              1              1
2459401.8995482 1.1574074074074e-05 1.0539898711995 0.039658991093754              1              1
2459401.899664 1.1574074074074e-05 1.0842846692355 0.041237008920757              1              1
2459401.8997798 1.1574074074074e-05 1.0326885245812 0.041945937693512              1              1
2459401.8998955 1.1574074074074e-05 1.0509323243784 0.042329365597762              1              1
2459401.9000113 1.1574074074074e-05 1.0979830054266 0.042592364011496              1              1
2459401.900127 1.1574074074074e-05 1.0353776959279 0.039735115393535              1              1
2459401.9002428 1.1574074074074e-05 1.1051777477636 0.04198817289063              1              1
2459401.9003586 1.1574074074074e-05 1.0850752864757 0.041055200020513              1              1
2459401.9004743 1.1574074074074e-05 1.0767329392562 0.043199971141505              1              1
2459401.9005901 1.1574074074074e-05 1.085301631683 0.042544491326543              1              1
2459401.9007058 1.1574074074074e-05 1.0198503941066 0.040852525775604              1              1
2459401.9008216 1.1574074074074e-05 1.0090742928841 0.041180355085832              1              1
2459401.9009809 1.1574074074074e-05 1.0458943697552 0.040214685399491              1              1
2459401.9010967 1.1574074074074e-05 0.99734421283756 0.039816376068969              1              1
2459401.9012124 1.1574074074074e-05 1.0414357108897 0.040027797983341              1              1
2459401.9013282 1.1574074074074e-05 1.0058556566406 0.040346531042752              1              1
2459401.901444 1.1574074074074e-05 0.98588323230067 0.039663181611925              1              1
2459401.9015597 1.1574074074074e-05 1.0147722278001 0.041004092304378              1              1
2459401.9016755 1.1574074074074e-05 0.95897323269389 0.038575119538134              1              1
2459401.9017912 1.1574074074074e-05 0.99124387660117 0.039015358983022              1              1
2459401.901907 1.1574074074074e-05 0.94363479070049 0.040280972867466              1              1
2459401.9020228 1.1574074074074e-05 0.94146467871471 0.041483352223605              1              1
2459401.9021385 1.1574074074074e-05 0.94915222733121 0.041710262244323              1              1
2459401.9022543 1.1574074074074e-05 1.0033446599567 0.039909296604866              1              1
2459401.90237 1.1574074074074e-05 0.95870384380549 0.039923989529412              1              1
2459401.9024858 1.1574074074074e-05 0.91927705655772 0.039231584925576              1              1
2459401.9026016 1.1574074074074e-05 0.97086279609991 0.039554444592128              1              1
2459401.9027173 1.1574074074074e-05 0.92438141955581 0.038551293117964              1              1
2459401.9028331 1.1574074074074e-05 0.95195079997132 0.038792302974252              1              1
2459401.9029488 1.1574074074074e-05 0.92665950597216 0.038566544447133              1              1
2459401.9030646 1.1574074074074e-05 0.98093088954368 0.040858573125397              1              1
2459401.9031804 1.1574074074074e-05 0.93870719939467 0.042270296192994              1              1
2459401.9032961 1.1574074074074e-05 0.92174164838375 0.042025969414654              1              1
2459401.9034119 1.1574074074074e-05 0.88283196484126 0.039827005932688              1              1
2459401.9035276 1.1574074074074e-05 0.95208555296204 0.042625912885082              1              1
2459401.9036434 1.1574074074074e-05 0.88628247740138 0.038440389312634              1              1
2459401.9037592 1.1574074074074e-05 0.89510426841033 0.042904937970537              1              1
2459401.9038749 1.1574074074074e-05 0.94963868265096 0.039277917494569              1              1
2459401.9039907 1.1574074074074e-05 0.88039355879067 0.038883702289526              1              1
2459401.9041064 1.1574074074074e-05 0.94648041462002 0.039340261732372              1              1
2459401.9042222 1.1574074074074e-05 0.88815488758113 0.039998351626603              1              1
2459401.9043379 1.1574074074074e-05 0.94213521672934 0.043670322373504              1              1
2459401.9044537 1.1574074074074e-05 0.92660871330987 0.047742226098659              1              1
2459401.9045695 1.1574074074074e-05 0.85704683581213 0.040088881555388              1              1
2459401.9046852 1.1574074074074e-05 0.93012989018661 0.041673659166231              1              1
2459401.904801 1.1574074074074e-05 0.87002928607372 0.04223648681633              1              1
2459401.9049167 1.1574074074074e-05 0.90683471070983 0.039533300128858              1              1
2459401.9050325 1.1574074074074e-05 0.93033710894963 0.039494947833924              1              1
2459401.9051483 1.1574074074074e-05 0.92948272717213 0.038892221835825              1              1
2459401.905264 1.1574074074074e-05 0.95540031180894 0.041224691728319              1              1
2459401.9053798 1.1574074074074e-05 0.92821454830898 0.039272597768542              1              1
2459401.9054955 1.1574074074074e-05 0.96870158851615 0.042630027528963              1              1
2459401.9056113 1.1574074074074e-05 0.91229063141357 0.03886926656221              1              1
2459401.9057271 1.1574074074074e-05 0.94744798670772 0.04078662141824              1              1
2459401.9058428 1.1574074074074e-05 0.96153488842609 0.039980878805014              1              1
2459401.9059586 1.1574074074074e-05 0.92317607063818 0.038587341407154              1              1
2459401.9060743 1.1574074074074e-05 0.963324352684 0.039218789590247              1              1
2459401.9061901 1.1574074074074e-05 0.9351415769762 0.040248957008602              1              1
2459401.9063059 1.1574074074074e-05 0.99500108837568 0.040083712887772              1              1
2459401.9064216 1.1574074074074e-05 0.95306395240496 0.041062419415353              1              1
2459401.9065374 1.1574074074074e-05 0.95091917951927 0.04174969270577              1              1
2459401.9066531 1.1574074074074e-05 1.0212017070263 0.041391463909815              1              1
2459401.9068123 1.1574074074074e-05 0.96971621671183 0.041710455715617              1              1
2459401.906928 1.1574074074074e-05 0.95096293780253 0.04077320521544              1              1
2459401.9070438 1.1574074074074e-05 1.0200536801134 0.0417823034971              1              1
2459401.9071595 1.1574074074074e-05 1.0270661328504 0.039630564777802              1              1
2459401.9072753 1.1574074074074e-05 1.0801661132505 0.04119191143602              1              1
2459401.9073911 1.1574074074074e-05 1.0788635754672 0.042076715815532              1              1
2459401.9075068 1.1574074074074e-05 1.037678940548 0.041935608172891              1              1
2459401.9076226 1.1574074074074e-05 0.98319026543046 0.039718491004886              1              1
2459401.9077383 1.1574074074074e-05 1.0180384869913 0.043738888918057              1              1
2459401.9078541 1.1574074074074e-05 1.0177141953788 0.044642918306051              1              1
2459401.9079699 1.1574074074074e-05 1.0400610655565 0.043245782351623              1              1
2459401.9080856 1.1574074074074e-05 1.1877618591032 0.046872918779831              1              1
2459401.9082014 1.1574074074074e-05 1.0498097355466 0.051013228696332              1              1
2459401.9083171 1.1574074074074e-05 1.0693073859025 0.053432920153332              1              1
2459401.9084329 1.1574074074074e-05 1.0600688841099 0.048476865132248              1              1
2459401.9085487 1.1574074074074e-05 1.1226798005766 0.051386872859646              1              1
2459401.9086644 1.1574074074074e-05 1.0666265926387 0.049672851947041              1              1
2459401.9087802 1.1574074074074e-05 1.0781429399624 0.05053630181446              1              1
2459401.9088959 1.1574074074074e-05 1.0760316501731 0.048194908189301              1              1
2459401.9090117 1.1574074074074e-05 1.0519188540327 0.048756860818788              1              1
2459401.9091274 1.1574074074074e-05 1.0644783701565 0.047205942406351              1              1
2459401.9092432 1.1574074074074e-05 1.0703794475683 0.04697950850031              1              1
2459401.909359 1.1574074074074e-05 1.1032695558682 0.046601050299264              1              1
2459401.9094747 1.1574074074074e-05 1.0716077757127 0.043632067602672              1              1
2459401.9095905 1.1574074074074e-05 1.0983612000247 0.048020980687154              1              1
2459401.9097062 1.1574074074074e-05 1.0652779988494 0.045512407511841              1              1
2459401.909822 1.1574074074074e-05 1.0607129374509 0.04701336024003              1              1
2459401.9099378 1.1574074074074e-05 1.0541376864019 0.048095987238443              1              1
2459401.9100535 1.1574074074074e-05 1.1193072986436 0.044953756651494              1              1
2459401.9101693 1.1574074074074e-05 1.0343859478514 0.045721033380291              1              1
2459401.910285 1.1574074074074e-05 0.99488608602986 0.04312583054656              1              1
2459401.9104008 1.1574074074074e-05 1.1170800881063 0.045685333418596              1              1
2459401.9105166 1.1574074074074e-05 1.0658934675412 0.045117740263955              1              1
2459401.9106323 1.1574074074074e-05 1.0938719493953 0.042990600631257              1              1
2459401.9107481 1.1574074074074e-05 0.99932291284715 0.045725253956703              1              1
2459401.9108638 1.1574074074074e-05 1.0606028958283 0.04644293636709              1              1
2459401.9109796 1.1574074074074e-05 1.0189087209255 0.04343191893761              1              1
2459401.9110954 1.1574074074074e-05 1.0828156740066 0.047165719599238              1              1
2459401.9112111 1.1574074074074e-05 1.0527128718581 0.042837049976053              1              1
2459401.9113269 1.1574074074074e-05 1.0577807573462 0.045441408403463              1              1
2459401.9114426 1.1574074074074e-05 1.0008838139197 0.0406996695817              1              1
2459401.9115584 1.1574074074074e-05 0.99078825790195 0.044012074855707              1              1
2459401.9116742 1.1574074074074e-05 0.98438890344742 0.043586911222181              1              1
2459401.9117899 1.1574074074074e-05 1.0037858086252 0.043513158131631              1              1
2459401.9119057 1.1574074074074e-05 1.0276097616497 0.044212542408021              1              1
2459401.9120214 1.1574074074074e-05 1.0072850674667 0.044729019583573              1              1
2459401.9121372 1.1574074074074e-05 1.0522367543787 0.045047041448158              1              1
2459401.9122529 1.1574074074074e-05 1.0030069912036 0.041986822551681              1              1
2459401.9123687 1.1574074074074e-05 0.97148144466991 0.04259061081209              1              1
2459401.9124845 1.1574074074074e-05 0.92922991204479 0.041936741873756              1              1
2459401.9126443 1.1574074074074e-05 0.97624563747846 0.0450914490179              1              1
2459401.9127601 1.1574074074074e-05 0.99845416158113 0.044304596123118              1              1
2459401.9128758 1.1574074074074e-05 0.90497602931226 0.043995501712342              1              1
2459401.9129916 1.1574074074074e-05 0.92224416343995 0.043477374511823              1              1
2459401.9131073 1.1574074074074e-05 1.0066652816716 0.046767612423635              1              1
2459401.9132231 1.1574074074074e-05 0.88773728183561 0.041445261392917              1              1
2459401.9133389 1.1574074074074e-05 0.95350849429713 0.046090126942016              1              1
2459401.9134546 1.1574074074074e-05 0.94383213882866 0.045705907028979              1              1
2459401.9135704 1.1574074074074e-05 0.94157646728533 0.042105963841595              1              1
2459401.9136861 1.1574074074074e-05 0.92428859829743 0.043762666091664              1              1
2459401.9138019 1.1574074074074e-05 0.89796463166428 0.042829355916081              1              1
2459401.9139177 1.1574074074074e-05 0.89532702350268 0.043366096493185              1              1
2459401.9140334 1.1574074074074e-05 0.89637649773865 0.039891369136293              1              1
2459401.9141492 1.1574074074074e-05 0.86338454577558 0.039639475063416              1              1
2459401.9142649 1.1574074074074e-05 0.90525593509468 0.042411516489534              1              1
2459401.9143807 1.1574074074074e-05 0.90139805636434 0.041469189320915              1              1
2459401.9144964 1.1574074074074e-05 0.90765312756365 0.042449852527455              1              1
2459401.9146122 1.1574074074074e-05 0.89012703787395 0.041512838185356              1              1
2459401.914728 1.1574074074074e-05 0.91192106371534 0.039233454931778              1              1
2459401.9148437 1.1574074074074e-05 0.91062261339947 0.039684957851002              1              1
2459401.9149595 1.1574074074074e-05 0.91945900457644 0.042114186757698              1              1
2459401.9150752 1.1574074074074e-05 0.85898999408725 0.04033199403113              1              1
2459401.915191 1.1574074074074e-05 0.92953089881678 0.040450187491418              1              1
2459401.9153068 1.1574074074074e-05 0.90660826912874 0.042454001065411              1              1
2459401.9154225 1.1574074074074e-05 0.90177778624252 0.039939833638659              1              1
2459401.9155383 1.1574074074074e-05 0.89494873334584 0.038815799713721              1              1
2459401.915654 1.1574074074074e-05 0.92010174760152 0.041480853258892              1              1
2459401.9157698 1.1574074074074e-05 0.9007973801004 0.039651235096937              1              1
2459401.9158856 1.1574074074074e-05 0.93357640855659 0.041021414195297              1              1
2459401.9160013 1.1574074074074e-05 0.93752548744339 0.041161200056616              1              1
2459401.9161171 1.1574074074074e-05 0.94114362881164 0.042247398014649              1              1
2459401.9162328 1.1574074074074e-05 0.95803762072697 0.038794310488153              1              1
2459401.9163486 1.1574074074074e-05 0.95280603126092 0.041815286524769              1              1
2459401.9164644 1.1574074074074e-05 0.89332040377481 0.041513672721485              1              1
2459401.9165801 1.1574074074074e-05 0.98518959789619 0.042410540526212              1              1
2459401.9166959 1.1574074074074e-05 0.95355181743479 0.040163464266021              1              1
2459401.9168116 1.1574074074074e-05 0.93834507097189 0.039275775037427              1              1
2459401.9169274 1.1574074074074e-05 0.94437124984458 0.039119722620073              1              1
2459401.9170431 1.1574074074074e-05 0.98311750598841 0.040384154876188              1              1
2459401.9171589 1.1574074074074e-05 0.94239210149708 0.041080468822734              1              1
2459401.9172747 1.1574074074074e-05 0.97226236046326 0.039255005180925              1              1
2459401.9173904 1.1574074074074e-05 0.96537045735718 0.037406604957686              1              1
2459401.9175062 1.1574074074074e-05 0.98610624812765 0.038016605074951              1              1
2459401.9176219 1.1574074074074e-05 0.9788844743708 0.03882840294999              1              1
2459401.9177377 1.1574074074074e-05 1.0264165288136 0.039780331774245              1              1
2459401.9178535 1.1574074074074e-05 1.0418601005708 0.039910806098881              1              1
2459401.9179692 1.1574074074074e-05 1.0333796155665 0.042629631837584              1              1
2459401.918085 1.1574074074074e-05 1.0444433198565 0.041030250993975              1              1
2459401.9182007 1.1574074074074e-05 1.0482703808833 0.040778468464786              1              1
2459401.9183165 1.1574074074074e-05 1.0411372423238 0.039905948592225              1              1
2459401.9184756 1.1574074074074e-05 1.057826372203 0.041301176074301              1              1
2459401.9185914 1.1574074074074e-05 1.0193186112003 0.041984941247954              1              1
2459401.9187072 1.1574074074074e-05 1.0205833551232 0.04169838403744              1              1
2459401.9188229 1.1574074074074e-05 1.0502011586654 0.042926277510632              1              1
2459401.9189387 1.1574074074074e-05 1.1177237906093 0.042552936190708              1              1
2459401.9190544 1.1574074074074e-05 1.0474381382021 0.042484972055269              1              1
2459401.9191702 1.1574074074074e-05 1.0785231855763 0.042651073509479              1              1
2459401.9192859 1.1574074074074e-05 1.0810186841471 0.042191769047707              1              1
2459401.9194017 1.1574074074074e-05 1.0286123714535 0.043052429880168              1              1
2459401.9195175 1.1574074074074e-05 1.0515989775633 0.042875225626644              1              1
2459401.9196332 1.1574074074074e-05 1.0794322914534 0.042786585369894              1              1
2459401.919749 1.1574074074074e-05 1.0007796016552 0.040613166556031              1              1
2459401.9198647 1.1574074074074e-05 1.1010475924447 0.043346681558777              1              1
2459401.9199805 1.1574074074074e-05 1.1308153363696 0.044188355939129              1              1
2459401.9200963 1.1574074074074e-05 1.040987306964 0.04571311152106              1              1
2459401.920212 1.1574074074074e-05 1.1109901589347 0.043905287295024              1              1
2459401.9203278 1.1574074074074e-05 1.1035372980212 0.042626347183197              1              1
2459401.9204435 1.1574074074074e-05 1.0985921824354 0.042005606824144              1              1
2459401.9205593 1.1574074074074e-05 1.103183177839 0.042576473909325              1              1
2459401.9206751 1.1574074074074e-05 1.0903196087267 0.043810775353066              1              1
2459401.9207908 1.1574074074074e-05 1.029436163048 0.042028288149991              1              1
2459401.9209066 1.1574074074074e-05 1.0806232602944 0.043212524902236              1              1
2459401.9210223 1.1574074074074e-05 1.0644879888168 0.042413903358605              1              1
2459401.9211381 1.1574074074074e-05 1.0181077029353 0.042268198648698              1              1
2459401.9212539 1.1574074074074e-05 1.0550320037969 0.043195076176559              1              1
2459401.9213696 1.1574074074074e-05 1.0192619633083 0.043410145326535              1              1
2459401.9214854 1.1574074074074e-05 1.0878746099325 0.043146069600712              1              1
2459401.9216011 1.1574074074074e-05 1.0430967018604 0.046892564159836              1              1
2459401.9217169 1.1574074074074e-05 1.0238090522099 0.044038093962321              1              1
2459401.9218326 1.1574074074074e-05 0.97489809838885 0.044033054331263              1              1
2459401.9219484 1.1574074074074e-05 1.039168157882 0.048664289167608              1              1
2459401.9220642 1.1574074074074e-05 1.0219145122447 0.052013309334413              1              1
2459401.9221799 1.1574074074074e-05 0.98458240649355 0.045146198036788              1              1
2459401.9222957 1.1574074074074e-05 0.97075488231559 0.052388282909638              1              1
2459401.9224114 1.1574074074074e-05 0.95294211438003 0.048112542269214              1              1
2459401.9225272 1.1574074074074e-05 0.95162720386907 0.042528472385299              1              1
2459401.922643 1.1574074074074e-05 0.99152654333471 0.042573193705795              1              1
2459401.9227587 1.1574074074074e-05 0.97417233548588 0.042186917171804              1              1
2459401.9228745 1.1574074074074e-05 0.95395555336823 0.043636176513241              1              1
2459401.9229902 1.1574074074074e-05 1.0392904657539 0.046131192772988              1              1
2459401.923106 1.1574074074074e-05 0.98446511209698 0.04070246235022              1              1
2459401.9232218 1.1574074074074e-05 0.91774940459272 0.041767832066826              1              1
2459401.9233375 1.1574074074074e-05 1.0004025524438 0.044117001635085              1              1
2459401.9234533 1.1574074074074e-05 0.93075256469654 0.044350815507164              1              1
2459401.923569 1.1574074074074e-05 0.98388353340068 0.04431044169045              1              1
2459401.9236848 1.1574074074074e-05 0.89072771782083 0.039652827175716              1              1
2459401.9238006 1.1574074074074e-05 0.94564643697318 0.045198623823757              1              1
2459401.9239163 1.1574074074074e-05 0.87940396439661 0.042232143186952              1              1
2459401.9240321 1.1574074074074e-05 0.90014227857253 0.042564379816032              1              1
2459401.9241478 1.1574074074074e-05 0.89417854609866 0.042372729157033              1              1
