2459401.8428394 1.1574074074074e-05 0.91386934762119 0.061179537916063              1              1
2459401.8429551 1.1574074074074e-05 0.95238131091123 0.063066150430391              1              1
2459401.8430709 1.1574074074074e-05 0.9122978465435 0.057095911317792              1              1
2459401.8431867 1.1574074074074e-05 0.89905012027547 0.062519445208394              1              1
2459401.8433024 1.1574074074074e-05 0.91331543956719 0.063817000931957              1              1
2459401.8434182 1.1574074074074e-05 0.98637543301585 0.066912264555109              1              1
2459401.8435339 1.1574074074074e-05 0.81887630037146 0.056193297142837              1              1
2459401.8436497 1.1574074074074e-05 0.9528978237981 0.068328742440814              1              1
2459401.8437654 1.1574074074074e-05 0.88123401899151 0.060968595033269              1              1
2459401.8438812 1.1574074074074e-05 0.87701779187993 0.059315212977387              1              1
2459401.843997 1.1574074074074e-05 0.94929861516321 0.061568065480738              1              1
2459401.8441127 1.1574074074074e-05 0.96947645019552 0.059512415754576              1              1
2459401.8442285 1.1574074074074e-05 0.96228416970316 0.064027143497804              1              1
2459401.8443442 1.1574074074074e-05 0.94307564710937 0.063634211249276              1              1
2459401.84446 1.1574074074074e-05 0.95844687345549 0.066963926435167              1              1
2459401.8445757 1.1574074074074e-05 0.98874790822172 0.065916527214781              1              1
2459401.8446915 1.1574074074074e-05 0.96474297683601 0.065199780176154              1              1
2459401.8448073 1.1574074074074e-05 1.012837230729 0.071238657749954              1              1
2459401.844923 1.1574074074074e-05 0.94751644424266 0.064509915555018              1              1
2459401.8450388 1.1574074074074e-05 1.0196952730062 0.066506575061163              1              1
2459401.8451545 1.1574074074074e-05 0.99209154985138 0.06660911632314              1              1
2459401.8452703 1.1574074074074e-05 1.0290009673689 0.063534477751602              1              1
2459401.845386 1.1574074074074e-05 0.98309575966523 0.066101085339375              1              1
2459401.8455018 1.1574074074074e-05 1.0448038903217 0.071428744928948              1              1
2459401.8456176 1.1574074074074e-05 1.046375196368 0.061639610667619              1              1
2459401.8457333 1.1574074074074e-05 1.0713586474489 0.065504560812942              1              1
2459401.8458491 1.1574074074074e-05 1.0352699434666 0.069873881120333              1              1
2459401.8459648 1.1574074074074e-05 1.0446015570397 0.071665743732711              1              1
2459401.8460806 1.1574074074074e-05 1.0687201472563 0.063737817381446              1              1
2459401.8461963 1.1574074074074e-05 1.0073661384621 0.064459440407543              1              1
2459401.8463121 1.1574074074074e-05 1.0134566380776 0.064642099077385              1              1
2459401.8464279 1.1574074074074e-05 1.1044096478857 0.067150121095085              1              1
2459401.8465436 1.1574074074074e-05 1.0066383554604 0.063158229435846              1              1
2459401.8466594 1.1574074074074e-05 1.0171689594825 0.060671720996518              1              1
2459401.8467751 1.1574074074074e-05 1.0047646777337 0.064209566208211              1              1
2459401.8468909 1.1574074074074e-05 0.95378549719842 0.064052306015994              1              1
2459401.8470066 1.1574074074074e-05 1.0063846258605 0.063152395432419              1              1
2459401.8471224 1.1574074074074e-05 1.0908833317528 0.063641979808601              1              1
2459401.8472382 1.1574074074074e-05 1.021368391685 0.068725616417729              1              1
2459401.8473539 1.1574074074074e-05 1.0182539539319 0.064237132634055              1              1
2459401.8474697 1.1574074074074e-05 1.0126436278453 0.064425595847477              1              1
2459401.8475854 1.1574074074074e-05 1.0260070847049 0.067404953007698              1              1
2459401.8477012 1.1574074074074e-05 1.0638004848877 0.06882180651739              1              1
2459401.8478169 1.1574074074074e-05 1.001813563427 0.064050727719638              1              1
2459401.8479327 1.1574074074074e-05 1.0212747161048 0.065642787060436              1              1
2459401.8480485 1.1574074074074e-05 1.0400535445793 0.061988587026435              1              1
2459401.8481642 1.1574074074074e-05 1.0144054821941 0.066380261496899              1              1
2459401.84828 1.1574074074074e-05 1.0503670174872 0.061313694660082              1              1
2459401.8483957 1.1574074074074e-05 1.0207539617428 0.065038820344604              1              1
2459401.8485115 1.1574074074074e-05 1.034937478194 0.06820016330768              1              1
2459401.8486719 1.1574074074074e-05 1.0089006407675 0.064027582254498              1              1
2459401.8487877 1.1574074074074e-05 1.0334022207729 0.065105998660249              1              1
2459401.8489034 1.1574074074074e-05 1.0662340173667 0.065371190004852              1              1
2459401.8490192 1.1574074074074e-05 0.98209391889332 0.06857780029688              1              1
2459401.8491349 1.1574074074074e-05 1.0102904197794 0.061519433090868              1              1
2459401.8492507 1.1574074074074e-05 1.005132082153 0.062688834187198              1              1
2459401.8493665 1.1574074074074e-05 0.96690278928274 0.062360505628007              1              1
2459401.8494822 1.1574074074074e-05 0.91479849602086 0.06187253462013              1              1
2459401.849598 1.1574074074074e-05 0.97169141766547 0.065185963963709              1              1
2459401.8497137 1.1574074074074e-05 0.99870640342843 0.060501838432951              1              1
2459401.8498295 1.1574074074074e-05 0.95799493847373 0.060852284170552              1              1
2459401.8499452 1.1574074074074e-05 0.93030237420599 0.063692901138584              1              1
2459401.850061 1.1574074074074e-05 0.93321379101068 0.062523556547354              1              1
2459401.8501768 1.1574074074074e-05 0.97705639114935 0.06378904537907              1              1
2459401.8502925 1.1574074074074e-05 0.97877628355233 0.061908683336643              1              1
2459401.8504083 1.1574074074074e-05 0.88449850985574 0.059050326652301              1              1
2459401.850524 1.1574074074074e-05 0.9758536825448 0.060584686198807              1              1
2459401.8506398 1.1574074074074e-05 0.9314329818651 0.065656313998197              1              1
2459401.8507556 1.1574074074074e-05 0.96956782853393 0.06291668612102              1              1
2459401.8508713 1.1574074074074e-05 0.92051477230824 0.061381811074546              1              1
2459401.8509871 1.1574074074074e-05 0.82445626479279 0.065151308926918              1              1
2459401.8511028 1.1574074074074e-05 0.86342132736674 0.059885551563708              1              1
2459401.8512186 1.1574074074074e-05 0.90254672343859 0.0613635686635              1              1
2459401.8513343 1.1574074074074e-05 0.92877291511381 0.065545611742934              1              1
2459401.8514501 1.1574074074074e-05 0.85563823639133 0.063132848128556              1              1
2459401.8515659 1.1574074074074e-05 0.8895213433429 0.062173128244148              1              1
2459401.8516816 1.1574074074074e-05 0.9388735498012 0.060457766464471              1              1
2459401.8517974 1.1574074074074e-05 1.0587332892063 0.069024523005556              1              1
2459401.8519131 1.1574074074074e-05 0.89903793237923 0.065098345316622              1              1
2459401.8520289 1.1574074074074e-05 0.95326254939984 0.071457025604142              1              1
2459401.8521446 1.1574074074074e-05 0.86623027874628 0.061354415103698              1              1
2459401.8522604 1.1574074074074e-05 0.90791672286277 0.064730709224076              1              1
2459401.8523762 1.1574074074074e-05 0.86946031661724 0.062622708232389              1              1
2459401.8524919 1.1574074074074e-05 0.87925773265967 0.058039672993298              1              1
2459401.8526077 1.1574074074074e-05 0.89926403145167 0.061104399604242              1              1
2459401.8527234 1.1574074074074e-05 0.82183790307809 0.064762640116477              1              1
2459401.8528392 1.1574074074074e-05 0.99905687993465 0.063391934006006              1              1
2459401.8529549 1.1574074074074e-05 0.91829205092529 0.06453775093779              1              1
2459401.8530707 1.1574074074074e-05 0.88397384892372 0.061996257534249              1              1
2459401.8531865 1.1574074074074e-05 0.8613104089656 0.066700806081511              1              1
2459401.8533022 1.1574074074074e-05 0.89159555901031 0.062401357780096              1              1
2459401.853418 1.1574074074074e-05 0.9232111012281 0.06813366060724              1              1
2459401.8535337 1.1574074074074e-05 0.85386470813871 0.063360985409587              1              1
2459401.8536495 1.1574074074074e-05 0.97093590275967 0.065606693585005              1              1
2459401.8537652 1.1574074074074e-05 0.86876948377975 0.061102162801745              1              1
2459401.853881 1.1574074074074e-05 0.90833444058468 0.0634755024867              1              1
2459401.8539968 1.1574074074074e-05 0.98634755917054 0.06366234776812              1              1
2459401.8541125 1.1574074074074e-05 0.92686214214362 0.067539450321189              1              1
2459401.8542283 1.1574074074074e-05 0.84925671511037 0.06343083653802              1              1
2459401.854344 1.1574074074074e-05 0.93079443999478 0.062720823284627              1              1
2459401.8545047 1.1574074074074e-05 0.98077630060243 0.06925369257115              1              1
2459401.8546204 1.1574074074074e-05 0.98089722960147 0.063332500721294              1              1
2459401.8547362 1.1574074074074e-05 0.9817362539215 0.065902606911145              1              1
2459401.8548519 1.1574074074074e-05 0.95104955543173 0.070479755960582              1              1
2459401.8549677 1.1574074074074e-05 0.98594839519219 0.065344254787835              1              1
2459401.8550834 1.1574074074074e-05 1.0538828453782 0.067412999333399              1              1
2459401.8551992 1.1574074074074e-05 0.92866145131137 0.073096022174566              1              1
2459401.855315 1.1574074074074e-05 1.0836269926525 0.06879831183573              1              1
2459401.8554307 1.1574074074074e-05 0.93472680831235 0.068291508501445              1              1
2459401.8555465 1.1574074074074e-05 1.0638685255856 0.075383897521533              1              1
2459401.8556622 1.1574074074074e-05 1.003075036153 0.069484395323798              1              1
2459401.855778 1.1574074074074e-05 1.0228135881938 0.068882062476569              1              1
2459401.8558937 1.1574074074074e-05 0.96982097216035 0.069379336608355              1              1
2459401.8560095 1.1574074074074e-05 1.0784165383465 0.067335276540662              1              1
2459401.8561253 1.1574074074074e-05 1.0258788199479 0.065662893883644              1              1
2459401.856241 1.1574074074074e-05 1.078915183354 0.068518980370332              1              1
2459401.8563568 1.1574074074074e-05 1.1023491164251 0.067425854784225              1              1
2459401.8564725 1.1574074074074e-05 1.1122622563209 0.075930881714328              1              1
2459401.8565883 1.1574074074074e-05 1.1777152545248 0.075246502205853              1              1
2459401.856704 1.1574074074074e-05 1.0228923840498 0.080218351440952              1              1
2459401.8568198 1.1574074074074e-05 1.1330332378556 0.07940992544094              1              1
2459401.8569356 1.1574074074074e-05 0.97759332272561 0.068955243299395              1              1
2459401.8570513 1.1574074074074e-05 1.1068906705233 0.074452599533647              1              1
2459401.8571671 1.1574074074074e-05 1.1214549336605 0.069862536599515              1              1
2459401.8572828 1.1574074074074e-05 1.0889834200194 0.070264012118709              1              1
2459401.8573986 1.1574074074074e-05 1.1739952501428 0.078798678862281              1              1
2459401.8575143 1.1574074074074e-05 0.95290222458998 0.069181258382235              1              1
2459401.8576301 1.1574074074074e-05 1.1105031919537 0.066289154068635              1              1
2459401.8577459 1.1574074074074e-05 1.0458436893653 0.068034267222521              1              1
2459401.8578616 1.1574074074074e-05 1.0763193330542 0.072094893085433              1              1
2459401.8579774 1.1574074074074e-05 1.0852326444377 0.07519687935951              1              1
2459401.8580931 1.1574074074074e-05 1.0008911736787 0.062729650029486              1              1
2459401.8582089 1.1574074074074e-05 1.0290290891539 0.06877018437632              1              1
2459401.8583246 1.1574074074074e-05 1.0920907219034 0.072391971759826              1              1
2459401.8584404 1.1574074074074e-05  1.14518380719 0.070949989167404              1              1
2459401.8585562 1.1574074074074e-05 1.0684845666077 0.073569905733808              1              1
2459401.8586719 1.1574074074074e-05 1.0122133389689 0.071869305304191              1              1
2459401.8587877 1.1574074074074e-05 1.0688314357715 0.068561678667025              1              1
2459401.8589034 1.1574074074074e-05 1.1213993880944 0.069924593912936              1              1
2459401.8590192 1.1574074074074e-05 0.95411816137725 0.066294913798373              1              1
2459401.8591349 1.1574074074074e-05 0.9514045719101 0.063981477599872              1              1
2459401.8592507 1.1574074074074e-05 1.062213522759 0.065732624770616              1              1
2459401.8593665 1.1574074074074e-05 1.0651359175182 0.088621324367641              1              1
2459401.8594822 1.1574074074074e-05 0.9965012680101 0.072488144680794              1              1
2459401.859598 1.1574074074074e-05 0.98816226628941 0.065244047069109              1              1
2459401.8597137 1.1574074074074e-05 0.88552385263493 0.066477600948523              1              1
2459401.8598295 1.1574074074074e-05 0.9535924419842 0.069025116441059              1              1
2459401.8599453 1.1574074074074e-05 0.95853790496953 0.064434090284598              1              1
2459401.860061 1.1574074074074e-05 0.92642050313534 0.069406791959195              1              1
2459401.8601768 1.1574074074074e-05 0.95612123200586 0.0743674512937              1              1
2459401.8603369 1.1574074074074e-05 0.99485213258579 0.067592619629566              1              1
2459401.8604526 1.1574074074074e-05 1.0727438302212 0.068236347326132              1              1
2459401.8605684 1.1574074074074e-05 0.96166384815304 0.0708826854781              1              1
2459401.8606842 1.1574074074074e-05 0.95529982917569 0.07114161492635              1              1
2459401.8607999 1.1574074074074e-05 1.0040632342032 0.067062900162138              1              1
2459401.8609157 1.1574074074074e-05 1.0114358992582 0.069646020358347              1              1
2459401.8610314 1.1574074074074e-05 0.92381917017264 0.066915171960465              1              1
2459401.8611472 1.1574074074074e-05 0.94245107384663 0.06962868811097              1              1
2459401.861263 1.1574074074074e-05 0.86453232638038 0.068142644591385              1              1
2459401.8613787 1.1574074074074e-05 0.9855965037411 0.069477885357568              1              1
2459401.8614945 1.1574074074074e-05 0.97845792384472 0.066469543876826              1              1
2459401.8616102 1.1574074074074e-05 0.9842459401204 0.067804568933262              1              1
2459401.861726 1.1574074074074e-05 1.0162479755061 0.068009775001902              1              1
2459401.8618417 1.1574074074074e-05 0.97406026319167 0.070621522176584              1              1
2459401.8619575 1.1574074074074e-05 0.94649844156695 0.076098216741926              1              1
2459401.8620733 1.1574074074074e-05 0.94854334836547 0.072815728309682              1              1
2459401.862189 1.1574074074074e-05 0.85507815122619 0.071091439600015              1              1
2459401.8623048 1.1574074074074e-05 0.88827731336426 0.064157036035989              1              1
2459401.8624205 1.1574074074074e-05 0.88393317850437 0.070740935742545              1              1
2459401.8625363 1.1574074074074e-05 1.0078927003627 0.0722590321245              1              1
2459401.862652 1.1574074074074e-05 0.93701812719431 0.067751948014977              1              1
2459401.8627678 1.1574074074074e-05 0.9331236201892 0.08318793849648              1              1
2459401.8628836 1.1574074074074e-05 1.0241095276667 0.076515155136804              1              1
2459401.8629993 1.1574074074074e-05 0.92230492647478 0.077346220049682              1              1
2459401.8631151 1.1574074074074e-05 0.92475593807371 0.070086765832955              1              1
2459401.8632308 1.1574074074074e-05 1.0148468214179 0.071886739946722              1              1
2459401.8633466 1.1574074074074e-05 0.87210609319379 0.070733795726595              1              1
2459401.8634623 1.1574074074074e-05 0.96350383081493 0.076461834012792              1              1
2459401.8635781 1.1574074074074e-05 0.95019593904787 0.072413872094437              1              1
2459401.8636939 1.1574074074074e-05 0.95484348586115 0.067382522718105              1              1
2459401.8638096 1.1574074074074e-05 0.95794972320757 0.071033000958566              1              1
2459401.8639254 1.1574074074074e-05 1.1123421433386 0.089975515669406              1              1
2459401.8640411 1.1574074074074e-05 0.9590693234568 0.082488760618418              1              1
2459401.8641569 1.1574074074074e-05 1.0593901374245 0.07511925339232              1              1
2459401.8642726 1.1574074074074e-05 0.97625590421381 0.075729800326872              1              1
2459401.8643884 1.1574074074074e-05 0.93159444442951 0.06797041010859              1              1
2459401.8645042 1.1574074074074e-05 1.0103682632567 0.070173349928535              1              1
2459401.8646199 1.1574074074074e-05 0.90938107090386 0.067772013252268              1              1
2459401.8647357 1.1574074074074e-05 0.88985857179531 0.067991589078492              1              1
2459401.8648514 1.1574074074074e-05 1.0372196138833 0.072323872867853              1              1
2459401.8649672 1.1574074074074e-05 0.97762457785918 0.074324805919316              1              1
2459401.8650829 1.1574074074074e-05 1.0380421523011 0.077475233454512              1              1
2459401.8651987 1.1574074074074e-05 0.95165649823433 0.069549890246493              1              1
2459401.8653145 1.1574074074074e-05 1.0611143357527 0.071617909713335              1              1
2459401.8654302 1.1574074074074e-05 0.94947069721346 0.067485847499749              1              1
2459401.865546 1.1574074074074e-05 1.0725431344019 0.075503939064392              1              1
2459401.8656617 1.1574074074074e-05 0.98210055011775 0.074254808194308              1              1
2459401.8657775 1.1574074074074e-05 1.020545081681 0.071023849926434              1              1
2459401.8658932 1.1574074074074e-05 0.95339482315082 0.069700946882766              1              1
2459401.866009 1.1574074074074e-05 1.000626822525 0.068318374227676              1              1
2459401.8661668 1.1574074074074e-05 1.0181143433081 0.070336051351161              1              1
2459401.8662826 1.1574074074074e-05 1.0827883424973 0.065470923034722              1              1
2459401.8663983 1.1574074074074e-05 0.98492803772067 0.076291205706823              1              1
2459401.8665141 1.1574074074074e-05 1.0484557048697 0.069059956608182              1              1
2459401.8666299 1.1574074074074e-05 1.0683546563433 0.069547793314899              1              1
2459401.8667456 1.1574074074074e-05 1.1516410932104 0.076706403123086              1              1
2459401.8668614 1.1574074074074e-05 1.030661878599 0.075668308678337              1              1
2459401.8669771 1.1574074074074e-05 1.019982484025 0.073088955988993              1              1
2459401.8670929 1.1574074074074e-05 1.1145277059727 0.075435145018172              1              1
2459401.8672086 1.1574074074074e-05 1.1614811030489 0.077644799013343              1              1
2459401.8673244 1.1574074074074e-05 1.0724586774761 0.071948687912759              1              1
2459401.8674402 1.1574074074074e-05 1.0874070373313 0.069503064559233              1              1
2459401.8675559 1.1574074074074e-05 1.1525261581815 0.071328274274211              1              1
2459401.8676717 1.1574074074074e-05 1.1132791915762 0.069150443612568              1              1
2459401.8677874 1.1574074074074e-05 1.0849138508125 0.073111932626404              1              1
2459401.8679032 1.1574074074074e-05 1.118309596216 0.068463648519516              1              1
2459401.8680189 1.1574074074074e-05 1.1426353553354 0.074801496201981              1              1
2459401.8681347 1.1574074074074e-05 1.0507684070411 0.068347853831854              1              1
2459401.8682505 1.1574074074074e-05 1.0489189242009 0.066249753336005              1              1
2459401.8683662 1.1574074074074e-05 1.0520071975021 0.066207322137816              1              1
2459401.868482 1.1574074074074e-05 1.0193392619296 0.067075583758477              1              1
2459401.8685977 1.1574074074074e-05 1.0220454036468 0.067736230610817              1              1
2459401.8687135 1.1574074074074e-05 1.1747979480806 0.081085910722663              1              1
2459401.8688292 1.1574074074074e-05 1.1970366636529 0.07092299752907              1              1
2459401.868945 1.1574074074074e-05 0.97864101437123 0.070292611452479              1              1
2459401.8690608 1.1574074074074e-05 1.1557664617912 0.072417488063258              1              1
2459401.8691765 1.1574074074074e-05 1.165937223394 0.073633785972726              1              1
2459401.8692923 1.1574074074074e-05 0.99295306164065 0.082469807707216              1              1
2459401.869408 1.1574074074074e-05 1.0019853312148 0.07830306485295              1              1
2459401.8695238 1.1574074074074e-05 1.1016045285432 0.077658804884244              1              1
2459401.8696395 1.1574074074074e-05 1.0562193359615 0.073129269523689              1              1
2459401.8697553 1.1574074074074e-05 1.1318763183824 0.071554214333887              1              1
2459401.8698711 1.1574074074074e-05 1.0564053359608 0.072742168630642              1              1
2459401.8699868 1.1574074074074e-05 0.93598895561073 0.064290150486394              1              1
2459401.8701026 1.1574074074074e-05 0.957995110615 0.06680223511728              1              1
2459401.8702183 1.1574074074074e-05 1.0544704260525 0.070270471355908              1              1
2459401.8703341 1.1574074074074e-05 1.0795144863498 0.075122494233895              1              1
2459401.8704498 1.1574074074074e-05 1.1541369889419 0.075995101520267              1              1
2459401.8705656 1.1574074074074e-05 1.0345307221106 0.069095885148139              1              1
2459401.8706814 1.1574074074074e-05 0.970951708356 0.074267812145107              1              1
2459401.8707971 1.1574074074074e-05 0.99065714125516 0.070386032305509              1              1
2459401.8709129 1.1574074074074e-05 0.910036468989 0.066134528626319              1              1
2459401.8710286 1.1574074074074e-05 1.0167056577024 0.069797221559589              1              1
2459401.8711444 1.1574074074074e-05 0.95965682897797 0.077318322713865              1              1
2459401.8712602 1.1574074074074e-05 0.98285405138835 0.072230743934052              1              1
2459401.8713759 1.1574074074074e-05 0.89591497262228 0.073905443869515              1              1
2459401.8714917 1.1574074074074e-05 0.97990751371593 0.071258242887246              1              1
2459401.8716074 1.1574074074074e-05 0.9488385598014 0.080761029751756              1              1
2459401.8717232 1.1574074074074e-05 0.88899363380127 0.079431168138069              1              1
2459401.8718389 1.1574074074074e-05 0.91674486796008 0.067922555961369              1              1
2459401.8719973 1.1574074074074e-05 0.93596060309031 0.06977651711523              1              1
2459401.872113 1.1574074074074e-05 0.95738058513983 0.075328532926268              1              1
2459401.8722288 1.1574074074074e-05 0.83092844157405 0.074333645571103              1              1
2459401.8723445 1.1574074074074e-05 0.92074133683914 0.071836896015758              1              1
2459401.8724603 1.1574074074074e-05 0.88107041065569 0.065024418062155              1              1
2459401.872576 1.1574074074074e-05 0.8693640366964 0.076485493291516              1              1
2459401.8726918 1.1574074074074e-05 0.95621390738328 0.073281118367451              1              1
2459401.8728076 1.1574074074074e-05 0.93903586153979 0.071116764777157              1              1
2459401.8729233 1.1574074074074e-05 0.89100749911306 0.066718982589088              1              1
2459401.8730391 1.1574074074074e-05 0.9461498296181 0.065072202862318              1              1
2459401.8731548 1.1574074074074e-05 0.89294637532956 0.069109582611632              1              1
2459401.8732706 1.1574074074074e-05 0.87690585078258 0.072302573754429              1              1
2459401.8733864 1.1574074074074e-05 0.87015849387756 0.066508929468349              1              1
2459401.8735021 1.1574074074074e-05 0.92538836890568 0.068531618634386              1              1
2459401.8736179 1.1574074074074e-05 1.0264118458166 0.077500327629473              1              1
2459401.8737336 1.1574074074074e-05 0.98376436564263 0.07729878871301              1              1
2459401.8738494 1.1574074074074e-05 0.9650580547278 0.068217048268809              1              1
2459401.8739651 1.1574074074074e-05 1.0103748698159 0.070539096345784              1              1
2459401.8740809 1.1574074074074e-05 0.93590785181447 0.074774025035221              1              1
2459401.8741967 1.1574074074074e-05 1.0034596064514 0.076297111196121              1              1
2459401.8743124 1.1574074074074e-05 0.94638649738722 0.069020036274486              1              1
2459401.8744282 1.1574074074074e-05 0.94918576053288 0.068595923486486              1              1
2459401.8745439 1.1574074074074e-05 0.91996539883005 0.067926819175252              1              1
2459401.8746597 1.1574074074074e-05 0.93977421885411 0.070123059634684              1              1
2459401.8747754 1.1574074074074e-05 0.94192125774806 0.071360841788956              1              1
2459401.8748912 1.1574074074074e-05 0.937171194706 0.061661463187347              1              1
2459401.875007 1.1574074074074e-05 0.89723998466485 0.06179861671528              1              1
2459401.8751227 1.1574074074074e-05 0.98388040066874 0.065295230210294              1              1
2459401.8752385 1.1574074074074e-05 0.9158292620936 0.062597227135684              1              1
2459401.8753542 1.1574074074074e-05 0.87834570705979 0.057502173948268              1              1
2459401.87547 1.1574074074074e-05 1.0697020643341 0.066616659979286              1              1
2459401.8755857 1.1574074074074e-05 0.92796159481281 0.064770197732336              1              1
2459401.8757015 1.1574074074074e-05 0.99511659520571 0.067559153987066              1              1
2459401.8758173 1.1574074074074e-05 1.0743414487602 0.069928792501396              1              1
2459401.875933 1.1574074074074e-05 1.0841103401754 0.068718641045535              1              1
2459401.8760488 1.1574074074074e-05 1.0038768027988 0.071360675925485              1              1
2459401.8761645 1.1574074074074e-05 0.90403681189472 0.065706413416437              1              1
2459401.8762803 1.1574074074074e-05 1.0365219290403 0.069032360474084              1              1
2459401.876396 1.1574074074074e-05 1.0217872498979 0.069948133114555              1              1
2459401.8765118 1.1574074074074e-05 1.0921073567571 0.073782442273631              1              1
2459401.8766276 1.1574074074074e-05 1.0839793479798 0.070412690876871              1              1
2459401.8767433 1.1574074074074e-05 1.1175684115701 0.069431022584485              1              1
2459401.8768591 1.1574074074074e-05 1.1068125660502 0.071274362153989              1              1
2459401.8769748 1.1574074074074e-05 1.0436329645997 0.06929105158265              1              1
2459401.8770906 1.1574074074074e-05 1.1548387263444 0.073506630891935              1              1
2459401.8772063 1.1574074074074e-05 1.2030681391869 0.072419296322176              1              1
2459401.8773221 1.1574074074074e-05 1.1063592004202 0.069723242570006              1              1
2459401.8774379 1.1574074074074e-05 1.1957920307121 0.068395915356091              1              1
2459401.8775536 1.1574074074074e-05 1.0140807015595 0.066343671820651              1              1
2459401.8776694 1.1574074074074e-05 1.0780388220371 0.064703405350028              1              1
2459401.8778272 1.1574074074074e-05 1.0341214381981 0.066399678094743              1              1
2459401.877943 1.1574074074074e-05 1.1083343836873 0.072278109571267              1              1
2459401.8780587 1.1574074074074e-05 1.0551766027501 0.069492438888191              1              1
2459401.8781745 1.1574074074074e-05 1.0521816249721 0.073899788341602              1              1
2459401.8782902 1.1574074074074e-05 1.1775079493627 0.079158433828416              1              1
2459401.878406 1.1574074074074e-05 1.0442559062284 0.075804621385169              1              1
2459401.8785217 1.1574074074074e-05 1.1958078872698 0.073532109238713              1              1
2459401.8786375 1.1574074074074e-05 1.0424198980407 0.068138871050527              1              1
2459401.8787533 1.1574074074074e-05 1.013051141552 0.070409156103715              1              1
2459401.878869 1.1574074074074e-05 1.1104253454151 0.075539139143882              1              1
2459401.8789848 1.1574074074074e-05 1.0987193504071 0.066406114585042              1              1
2459401.8791005 1.1574074074074e-05 1.0282060208668 0.06577463195805              1              1
2459401.8792163 1.1574074074074e-05 1.0574306618946 0.076494087339127              1              1
2459401.879332 1.1574074074074e-05 1.1593201358601 0.081307881945966              1              1
2459401.8794478 1.1574074074074e-05 1.0151927246224 0.076139454346679              1              1
2459401.8795636 1.1574074074074e-05 1.0138764956526 0.070863430505546              1              1
2459401.8796793 1.1574074074074e-05 1.0852784763456 0.071275773992176              1              1
2459401.8797951 1.1574074074074e-05 1.0421543599493 0.06629212911632              1              1
2459401.8799108 1.1574074074074e-05 1.0469470946899 0.069265235187333              1              1
2459401.8800266 1.1574074074074e-05 0.96895178877885 0.066831577286039              1              1
2459401.8801423 1.1574074074074e-05 0.98798575372625 0.070899062344031              1              1
2459401.8802581 1.1574074074074e-05 1.0109595445443 0.069921081656635              1              1
2459401.8803739 1.1574074074074e-05 1.0131936408617 0.070020003320464              1              1
2459401.8804896 1.1574074074074e-05 0.99739870550831 0.063284086785945              1              1
2459401.8806054 1.1574074074074e-05 1.0160753232759 0.070888976042503              1              1
2459401.8807211 1.1574074074074e-05 0.97771730140958 0.061146460899254              1              1
2459401.8808369 1.1574074074074e-05 0.99440883104584 0.063000854166449              1              1
2459401.8809526 1.1574074074074e-05 0.98960516808037 0.064962691712876              1              1
2459401.8810684 1.1574074074074e-05 0.89505371057887 0.06742967013478              1              1
2459401.8811842 1.1574074074074e-05 0.94574549115758 0.065703093574074              1              1
2459401.8812999 1.1574074074074e-05 1.0357606026123 0.069566010623217              1              1
2459401.8814157 1.1574074074074e-05 0.97275045086764 0.077917943432887              1              1
2459401.8815314 1.1574074074074e-05 0.98446445971555 0.063869524330658              1              1
2459401.8816472 1.1574074074074e-05 0.94557633408225 0.063884668697899              1              1
2459401.8817629 1.1574074074074e-05 0.99758071862617 0.064681572955141              1              1
2459401.8818787 1.1574074074074e-05 0.80117416392364 0.064340252231345              1              1
2459401.8819945 1.1574074074074e-05 1.0111426557345 0.070752933309266              1              1
2459401.8821102 1.1574074074074e-05 0.87570130794694 0.063710080892003              1              1
2459401.882226 1.1574074074074e-05 0.92197397930201 0.0676887048118              1              1
2459401.8823417 1.1574074074074e-05 0.97154832866773 0.063801952966603              1              1
2459401.8824575 1.1574074074074e-05 0.92781303915187 0.072670238039218              1              1
2459401.8825733 1.1574074074074e-05 0.8827059953564 0.081047286957955              1              1
2459401.882689 1.1574074074074e-05 0.89662772653682 0.068692393039461              1              1
2459401.8828048 1.1574074074074e-05 1.0666237306818 0.068732316774245              1              1
2459401.8829205 1.1574074074074e-05 0.87598389233071 0.065452005673902              1              1
2459401.8830363 1.1574074074074e-05 0.83389094088741 0.06548552065363              1              1
2459401.883152 1.1574074074074e-05 0.95509900835877 0.065596285361553              1              1
2459401.8832678 1.1574074074074e-05 0.90698113495015 0.059875091196151              1              1
2459401.8833836 1.1574074074074e-05 0.92493285418119 0.064892588892472              1              1
2459401.8834993 1.1574074074074e-05 0.90634499998479 0.064966401966584              1              1
2459401.8836601 1.1574074074074e-05 0.95743053728171 0.067473577406438              1              1
2459401.8837759 1.1574074074074e-05 0.86988091921032 0.064041644913163              1              1
2459401.8838916 1.1574074074074e-05 0.89502791655159 0.059157812839121              1              1
2459401.8840074 1.1574074074074e-05 0.98606201406944 0.067674992965608              1              1
2459401.8841232 1.1574074074074e-05 0.95437179233482 0.068139369924302              1              1
2459401.8842389 1.1574074074074e-05 0.85270048416558 0.064112818358314              1              1
2459401.8843547 1.1574074074074e-05 0.81713393313528 0.058898121128871              1              1
2459401.8844704 1.1574074074074e-05 0.94959612945368 0.061670258904215              1              1
2459401.8845862 1.1574074074074e-05 1.0484992326307 0.072781300029              1              1
2459401.884702 1.1574074074074e-05 0.97559416705546 0.064665342274989              1              1
2459401.8848177 1.1574074074074e-05 0.81772424266917 0.072357487967104              1              1
2459401.8849335 1.1574074074074e-05 0.9348967335931 0.065255109598424              1              1
2459401.8850492 1.1574074074074e-05 0.87962898010298 0.073356834024921              1              1
2459401.885165 1.1574074074074e-05 0.85410853404914 0.068003633907769              1              1
2459401.8852807 1.1574074074074e-05 0.99241619832998 0.065888339485566              1              1
2459401.8853965 1.1574074074074e-05 0.95810534545492 0.074533461049352              1              1
2459401.8855123 1.1574074074074e-05 0.89855887498268 0.06472849713503              1              1
2459401.885628 1.1574074074074e-05 0.92355299305912 0.064611552710662              1              1
2459401.8857438 1.1574074074074e-05 0.93776386252643 0.065128402617587              1              1
2459401.8858595 1.1574074074074e-05 0.94079659337669 0.061902852427436              1              1
2459401.8859753 1.1574074074074e-05 1.0342002617074 0.067153152706147              1              1
2459401.886091 1.1574074074074e-05 1.0017441649032 0.06573289803243              1              1
2459401.8862068 1.1574074074074e-05 0.97170075869397 0.060468845830567              1              1
2459401.8863226 1.1574074074074e-05 0.98881540891668 0.063590769483142              1              1
2459401.8864383 1.1574074074074e-05 1.0105541290447 0.068844000041169              1              1
2459401.8865541 1.1574074074074e-05 0.9948579876735 0.066253977682787              1              1
2459401.8866698 1.1574074074074e-05 1.0849556512407 0.067365159988332              1              1
2459401.8867856 1.1574074074074e-05 0.97140735509022 0.066619303712366              1              1
2459401.8869013 1.1574074074074e-05 1.0575953693877 0.068969053821316              1              1
2459401.8870171 1.1574074074074e-05 1.0539381851168 0.068002761596778              1              1
2459401.8871329 1.1574074074074e-05 1.058602476257 0.067302712394236              1              1
2459401.8872486 1.1574074074074e-05 1.010994891807 0.067700550790649              1              1
2459401.8873644 1.1574074074074e-05 1.0540701247568 0.066723662266156              1              1
2459401.8874801 1.1574074074074e-05 1.1511425439762 0.065273118888507              1              1
2459401.8875959 1.1574074074074e-05 1.0243187007985 0.066798897710061              1              1
2459401.8877116 1.1574074074074e-05 1.1234009151204 0.063710461087231              1              1
2459401.8878274 1.1574074074074e-05 1.1678699672114 0.069869159449667              1              1
2459401.8879432 1.1574074074074e-05 1.1074869124923 0.065941343532273              1              1
2459401.8880589 1.1574074074074e-05 0.95347236566972 0.059541392418627              1              1
2459401.8881747 1.1574074074074e-05 1.0165960025838 0.064602561124659              1              1
2459401.8882904 1.1574074074074e-05 1.0631248473863 0.065240576408643              1              1
2459401.8884062 1.1574074074074e-05  1.02006950689 0.065682319616658              1              1
2459401.8885219 1.1574074074074e-05 1.0693247458528 0.0681583845325              1              1
2459401.8886377 1.1574074074074e-05 1.1405591298942 0.06493179477208              1              1
2459401.8887535 1.1574074074074e-05 1.1033651732903 0.065176799569245              1              1
2459401.8888692 1.1574074074074e-05 1.0492278870233 0.063621174064035              1              1
2459401.888985 1.1574074074074e-05 1.0430226166607 0.065575561901564              1              1
2459401.8891007 1.1574074074074e-05 1.0277786439343 0.064803713693852              1              1
2459401.8892165 1.1574074074074e-05 1.0021703196131 0.066303440089466              1              1
2459401.8893322 1.1574074074074e-05 1.0726577072559 0.069660987596003              1              1
2459401.8894906 1.1574074074074e-05 1.0988898455742 0.067512136070246              1              1
2459401.8896063 1.1574074074074e-05 1.0120429844607 0.064167120245648              1              1
2459401.8897221 1.1574074074074e-05 1.045505570219 0.0646573776247              1              1
2459401.8898378 1.1574074074074e-05 1.0441737124392 0.067662115053807              1              1
2459401.8899536 1.1574074074074e-05 1.0255247172428 0.06134018483103              1              1
2459401.8900694 1.1574074074074e-05 1.0869219319378 0.065818482192709              1              1
2459401.8901851 1.1574074074074e-05 1.0489424398668 0.068800045789966              1              1
2459401.8903009 1.1574074074074e-05 1.0374568385205 0.068692371002334              1              1
2459401.8904166 1.1574074074074e-05 1.0058904820488 0.068624128199891              1              1
2459401.8905324 1.1574074074074e-05 1.1579575468477 0.071476368192518              1              1
2459401.8906481 1.1574074074074e-05 1.119860655751 0.071294181732471              1              1
2459401.8907639 1.1574074074074e-05 1.0349028424985 0.066794526089547              1              1
2459401.8908797 1.1574074074074e-05 1.0210954861324 0.067642892986755              1              1
2459401.8909954 1.1574074074074e-05 0.95836663175777 0.063525293142279              1              1
2459401.8911112 1.1574074074074e-05 0.98890655928889 0.066517454945921              1              1
2459401.8912269 1.1574074074074e-05 1.0466552162923 0.068024242526174              1              1
2459401.8913427 1.1574074074074e-05 0.98092163932275 0.072172077730284              1              1
2459401.8914584 1.1574074074074e-05 1.0227517812518 0.066967124537673              1              1
2459401.8915742 1.1574074074074e-05 0.92638400303423 0.064386680540584              1              1
2459401.89169 1.1574074074074e-05 0.97880530245119 0.063433305008639              1              1
2459401.8918057 1.1574074074074e-05 0.89728808888083 0.064943434742635              1              1
2459401.8919215 1.1574074074074e-05 1.0323678171367 0.071643035927986              1              1
2459401.8920372 1.1574074074074e-05 1.0393041623686 0.071254524722231              1              1
2459401.892153 1.1574074074074e-05 0.94005078867456 0.065133432393174              1              1
2459401.8922687 1.1574074074074e-05 0.93790854375494 0.064893358714795              1              1
2459401.8923845 1.1574074074074e-05 0.9818795192794 0.069206428923402              1              1
2459401.8925003 1.1574074074074e-05 0.97438517608959 0.065057583836027              1              1
2459401.892616 1.1574074074074e-05 0.90185703675237 0.064104123866719              1              1
2459401.8927318 1.1574074074074e-05 0.92493791440966 0.060739724555828              1              1
2459401.8928475 1.1574074074074e-05 0.86316981723951 0.060095417292753              1              1
2459401.8929633 1.1574074074074e-05 0.93754838617164 0.066571483041773              1              1
2459401.893079 1.1574074074074e-05 0.93644998994204 0.065112696342331              1              1
2459401.8931948 1.1574074074074e-05 0.97205269066933 0.065179548568414              1              1
2459401.8933106 1.1574074074074e-05 0.96589003167108 0.064308605241808              1              1
2459401.8934263 1.1574074074074e-05 0.92678202734106 0.063369711271184              1              1
2459401.8935421 1.1574074074074e-05 0.95468260017341 0.066663718654702              1              1
2459401.8936578 1.1574074074074e-05 0.91221242601584 0.065470788975765              1              1
2459401.8937736 1.1574074074074e-05 0.98116493280247 0.06924661410564              1              1
2459401.8938893 1.1574074074074e-05 0.95494758568762 0.062073648488519              1              1
2459401.8940051 1.1574074074074e-05 0.88443799918487 0.061350680576604              1              1
2459401.8941209 1.1574074074074e-05 0.9172194545896 0.06971637728986              1              1
2459401.8942366 1.1574074074074e-05 0.91669712841809 0.071607032448651              1              1
2459401.8943524 1.1574074074074e-05 0.91950383958975 0.063576188108584              1              1
2459401.8944681 1.1574074074074e-05 0.93198138600804 0.060992441249168              1              1
2459401.8945839 1.1574074074074e-05 0.9161296797239 0.065226744478038              1              1
2459401.8946996 1.1574074074074e-05 0.94258744599298 0.060744986587939              1              1
2459401.8948154 1.1574074074074e-05 0.93010684681966 0.063051014082949              1              1
2459401.8949312 1.1574074074074e-05 0.89868369021068 0.063446317190907              1              1
2459401.8950469 1.1574074074074e-05 1.0051221654391 0.063093436115193              1              1
2459401.8951627 1.1574074074074e-05 0.94271829837987 0.065184696430702              1              1
2459401.8953207 1.1574074074074e-05 0.89295706568671 0.060258330085137              1              1
2459401.8954365 1.1574074074074e-05 0.93794826502639 0.062403390975008              1              1
2459401.8955522 1.1574074074074e-05 0.95317586372053 0.063880166652332              1              1
2459401.895668 1.1574074074074e-05 0.96377132122174 0.06398568850079              1              1
2459401.8957837 1.1574074074074e-05 0.90034830450839 0.060809189415453              1              1
2459401.8958995 1.1574074074074e-05 0.88455141181817 0.061717754608884              1              1
2459401.8960152 1.1574074074074e-05 1.0580010808876 0.067307007067808              1              1
2459401.896131 1.1574074074074e-05 1.0475249203172 0.068103435858183              1              1
2459401.8962468 1.1574074074074e-05 1.0395571807704 0.069593786160364              1              1
2459401.8963625 1.1574074074074e-05 1.0209462631341 0.070283316144584              1              1
2459401.8964783 1.1574074074074e-05 0.93228447152023 0.064689126595281              1              1
2459401.896594 1.1574074074074e-05 0.99021339864761 0.070162466166364              1              1
2459401.8967098 1.1574074074074e-05 0.99663424815335 0.068020180821763              1              1
2459401.8968255 1.1574074074074e-05 1.0404634010844 0.061266956468812              1              1
2459401.8969413 1.1574074074074e-05 0.94438900773719 0.062235911197075              1              1
2459401.8970571 1.1574074074074e-05 1.0268510469124 0.06301456912712              1              1
2459401.8971728 1.1574074074074e-05  1.04681635971 0.063785244488596              1              1
2459401.8972886 1.1574074074074e-05 1.0236553749397 0.066582703783319              1              1
2459401.8974043 1.1574074074074e-05 0.98046606954328 0.063492459728919              1              1
2459401.8975201 1.1574074074074e-05 0.9986201821772 0.059871316541645              1              1
2459401.8976359 1.1574074074074e-05 1.0802224176007 0.061275774565652              1              1
2459401.8977516 1.1574074074074e-05 1.0271313173957 0.060971265416184              1              1
2459401.8978674 1.1574074074074e-05 0.94946212296999 0.063454151782648              1              1
2459401.8979831 1.1574074074074e-05 1.0057945820561 0.059959206822821              1              1
2459401.8980989 1.1574074074074e-05 1.1048436561044 0.059676163483635              1              1
2459401.8982146 1.1574074074074e-05 1.1397215918835 0.066695910028995              1              1
2459401.8983304 1.1574074074074e-05 1.0955523719957 0.06391880119272              1              1
2459401.8984462 1.1574074074074e-05 1.1165443207358 0.065072809280891              1              1
2459401.8985619 1.1574074074074e-05 1.0705218829224 0.061608262868142              1              1
2459401.8986777 1.1574074074074e-05 1.0878423935067 0.063905294144584              1              1
2459401.8987934 1.1574074074074e-05 1.1251120393046 0.065199964133551              1              1
2459401.8989092 1.1574074074074e-05 1.0031686377028 0.062672849804255              1              1
2459401.8990249 1.1574074074074e-05 1.0527539999308 0.062089308822417              1              1
2459401.8991407 1.1574074074074e-05 1.058163273902 0.062101642081705              1              1
2459401.8992565 1.1574074074074e-05 1.0540859548824 0.063945318053914              1              1
2459401.8993722 1.1574074074074e-05 1.1086420611194 0.063806737330613              1              1
2459401.899488 1.1574074074074e-05 1.0190807811125 0.062244704756623              1              1
2459401.8996037 1.1574074074074e-05 1.077862358768 0.065906750912549              1              1
2459401.8997195 1.1574074074074e-05 1.0970771558308 0.063300817533884              1              1
2459401.8998352 1.1574074074074e-05 1.0793500441711 0.067044126974253              1              1
2459401.899951 1.1574074074074e-05 1.0766335737328 0.06401715588495              1              1
2459401.9000668 1.1574074074074e-05 1.0619572444616 0.062261907945523              1              1
2459401.9001825 1.1574074074074e-05 1.0813117620675 0.066305899786526              1              1
2459401.9002983 1.1574074074074e-05 0.96045453608804 0.064016355487462              1              1
2459401.900414 1.1574074074074e-05 1.0619605787927 0.069609908769912              1              1
2459401.9005298 1.1574074074074e-05 1.1049998232467 0.066196308429789              1              1
2459401.9006455 1.1574074074074e-05 1.0277920897998 0.066111700832862              1              1
2459401.9007613 1.1574074074074e-05 1.0122200542891 0.064150448291328              1              1
2459401.9008771 1.1574074074074e-05 0.95054225495882 0.063775698302793              1              1
2459401.9009928 1.1574074074074e-05 1.0447799964395 0.058925591799186              1              1
2459401.9011518 1.1574074074074e-05 0.92555401171406 0.058574014449348              1              1
2459401.9012676 1.1574074074074e-05 0.98304938977147 0.063167832274472              1              1
2459401.9013834 1.1574074074074e-05 1.0013408466317 0.065907404504569              1              1
2459401.9014991 1.1574074074074e-05 1.0195859342201 0.061465873020196              1              1
2459401.9016149 1.1574074074074e-05 0.9651592822071 0.063255682343383              1              1
2459401.9017306 1.1574074074074e-05  1.02396708657 0.069212786693306              1              1
2459401.9018464 1.1574074074074e-05 0.9949824867019 0.064965900779506              1              1
2459401.9019621 1.1574074074074e-05 1.0431007807988 0.059564537769386              1              1
2459401.9020779 1.1574074074074e-05 0.95709336873333 0.064894691812193              1              1
2459401.9021937 1.1574074074074e-05 0.93335577281048 0.05669918246045              1              1
2459401.9023094 1.1574074074074e-05 0.90828566767321 0.058968764384381              1              1
2459401.9024252 1.1574074074074e-05 0.93584186152123 0.060869418445692              1              1
2459401.9025409 1.1574074074074e-05 0.93575462718182 0.0622751013305              1              1
2459401.9026567 1.1574074074074e-05 0.84481006146269 0.057192986923904              1              1
2459401.9027724 1.1574074074074e-05 0.87574689355535 0.059313534623271              1              1
2459401.9028882 1.1574074074074e-05 0.88012330358095 0.059278650942777              1              1
2459401.903004 1.1574074074074e-05 0.95250010999533 0.064690194901557              1              1
2459401.9031197 1.1574074074074e-05 0.85657610022313 0.06285061447036              1              1
2459401.9032355 1.1574074074074e-05 0.935866974808 0.061889326305444              1              1
2459401.9033512 1.1574074074074e-05 0.8993269846337 0.06453894401921              1              1
2459401.903467 1.1574074074074e-05 0.91211569617245 0.06875560918589              1              1
2459401.9035827 1.1574074074074e-05 0.84329940366137 0.060763129410676              1              1
2459401.9036985 1.1574074074074e-05 0.87654919791753 0.058323909986798              1              1
2459401.9038143 1.1574074074074e-05 0.923206247595 0.06388899488252              1              1
2459401.90393 1.1574074074074e-05 0.91238448190182 0.061368481695181              1              1
2459401.9040458 1.1574074074074e-05 0.95355115223919 0.062144679033191              1              1
2459401.9041615 1.1574074074074e-05 0.91403301989053 0.067825771793997              1              1
2459401.9042773 1.1574074074074e-05 0.87018327138916 0.065647198617138              1              1
2459401.904393 1.1574074074074e-05 0.9955117194238 0.069027212097452              1              1
2459401.9045088 1.1574074074074e-05 0.99597349810385 0.078025573584172              1              1
2459401.9046246 1.1574074074074e-05 0.89798083349387 0.0631671490726              1              1
2459401.9047403 1.1574074074074e-05 0.97202282462467 0.067897887471104              1              1
2459401.9048561 1.1574074074074e-05 0.89619465862016 0.067023104811337              1              1
2459401.9049718 1.1574074074074e-05 0.91546240206605 0.067286587887077              1              1
2459401.9050876 1.1574074074074e-05 0.93883232419023 0.067059451727874              1              1
2459401.9052033 1.1574074074074e-05 0.98112664853666 0.060524724117343              1              1
2459401.9053191 1.1574074074074e-05 0.87132060317187 0.066716431560413              1              1
2459401.9054349 1.1574074074074e-05 1.0179745167964 0.069202611962427              1              1
2459401.9055506 1.1574074074074e-05 1.0489200700178 0.072102865351858              1              1
2459401.9056664 1.1574074074074e-05 0.9734579996598 0.067106466359526              1              1
2459401.9057821 1.1574074074074e-05 0.99363328794945 0.067172928446185              1              1
2459401.9058979 1.1574074074074e-05 1.0045984888289 0.063497016246617              1              1
2459401.9060136 1.1574074074074e-05 0.95829812066167 0.06474987301768              1              1
2459401.9061294 1.1574074074074e-05 0.90617363659008 0.066630414455153              1              1
2459401.9062452 1.1574074074074e-05 1.0135912534752 0.0635030898499              1              1
2459401.9063609 1.1574074074074e-05 0.87630984600815 0.063682912139351              1              1
2459401.9064767 1.1574074074074e-05 1.0150599205295 0.06534191391263              1              1
2459401.9065924 1.1574074074074e-05 0.95815640036318 0.06443622248386              1              1
2459401.9067082 1.1574074074074e-05 1.0107475481718 0.067993893472184              1              1
2459401.9068239 1.1574074074074e-05 1.0088316797087 0.069837439130336              1              1
2459401.9069822 1.1574074074074e-05 1.0181534783598 0.066514634363459              1              1
2459401.9070979 1.1574074074074e-05 0.99466050304775 0.062217112414679              1              1
2459401.9072137 1.1574074074074e-05 1.0492917093521 0.064919328022369              1              1
2459401.9073294 1.1574074074074e-05 1.0171102601322 0.065093403482658              1              1
2459401.9074452 1.1574074074074e-05 1.050130043787 0.068307524343527              1              1
2459401.907561 1.1574074074074e-05 1.0318113616958 0.063873080206205              1              1
2459401.9076767 1.1574074074074e-05 0.99158270738461 0.06687132035734              1              1
2459401.9077925 1.1574074074074e-05 1.0509737152661 0.071231274399724              1              1
2459401.9079082 1.1574074074074e-05 1.1699098371898 0.071515814602866              1              1
2459401.908024 1.1574074074074e-05 1.0417954601248 0.067830420613259              1              1
2459401.9081397 1.1574074074074e-05 1.0181547338049 0.079314699113315              1              1
2459401.9082555 1.1574074074074e-05 1.1485419675289 0.090002455032366              1              1
2459401.9083713 1.1574074074074e-05 1.2575341440769 0.086591093897818              1              1
2459401.908487 1.1574074074074e-05 1.0646504725147 0.079594327868688              1              1
2459401.9086028 1.1574074074074e-05 0.92400434229446 0.085830678584691              1              1
2459401.9087185 1.1574074074074e-05 1.1478926224894 0.084577208178379              1              1
2459401.9088343 1.1574074074074e-05 1.1830741139559 0.081366568704624              1              1
2459401.90895 1.1574074074074e-05 0.99777863179475 0.080779372731897              1              1
2459401.9090658 1.1574074074074e-05 1.1189254623584 0.078858786747786              1              1
2459401.9091816 1.1574074074074e-05 1.0457439502307 0.074840085944367              1              1
2459401.9092973 1.1574074074074e-05 1.1204477010262 0.08290260924025              1              1
2459401.9094131 1.1574074074074e-05 1.1998907904077 0.073996672253423              1              1
2459401.9095288 1.1574074074074e-05 1.0600617606236 0.075444928348851              1              1
2459401.9096446 1.1574074074074e-05 1.1769953689507 0.076725079529383              1              1
2459401.9097603 1.1574074074074e-05 1.1263486507771 0.071543654003229              1              1
2459401.9098761 1.1574074074074e-05 1.2429035799635 0.083101696377681              1              1
2459401.9099919 1.1574074074074e-05 1.0285651261219 0.07300154076054              1              1
2459401.9101076 1.1574074074074e-05 1.0973685205044 0.083903011290216              1              1
2459401.9102234 1.1574074074074e-05 1.1198740461682 0.07052256263311              1              1
2459401.9103391 1.1574074074074e-05 1.2316919774024 0.076904655590691              1              1
2459401.9104549 1.1574074074074e-05 1.1152198472724 0.074802591201153              1              1
2459401.9105706 1.1574074074074e-05 1.0847607521122 0.073464207652377              1              1
2459401.9106864 1.1574074074074e-05 0.98787205268603 0.072723089662346              1              1
2459401.9108022 1.1574074074074e-05 1.0487605606612 0.079981544610595              1              1
2459401.9109179 1.1574074074074e-05 1.0569924412822 0.081414822786117              1              1
2459401.9110337 1.1574074074074e-05 0.99693534644821 0.076372331941915              1              1
2459401.9111494 1.1574074074074e-05 1.0659894775356 0.076811893851994              1              1
2459401.9112652 1.1574074074074e-05 1.206362941502 0.075149828209939              1              1
2459401.911381 1.1574074074074e-05 1.0323690119656 0.072335502426335              1              1
2459401.9114967 1.1574074074074e-05 1.0294595167728 0.076293936519726              1              1
2459401.9116125 1.1574074074074e-05 1.043135355601 0.07220764878427              1              1
2459401.9117282 1.1574074074074e-05 0.98160351112667 0.067893586876243              1              1
2459401.911844 1.1574074074074e-05 1.0800056320315 0.069451807693649              1              1
2459401.9119597 1.1574074074074e-05 1.0449567221718 0.073072449074215              1              1
2459401.9120755 1.1574074074074e-05 1.0013076928752 0.072457670334793              1              1
2459401.9121913 1.1574074074074e-05 1.060830462514 0.071876347526573              1              1
2459401.912307 1.1574074074074e-05 0.96124407366086 0.063922127859505              1              1
2459401.9124228 1.1574074074074e-05 1.0976041636641 0.068310595094938              1              1
2459401.9125385 1.1574074074074e-05 1.0139300453555 0.075486155848382              1              1
2459401.9126543 1.1574074074074e-05 1.0607961951339 0.071329399327967              1              1
2459401.9128126 1.1574074074074e-05 1.032775667333 0.072517427258723              1              1
2459401.9129284 1.1574074074074e-05 1.0536504479948 0.072477583987379              1              1
2459401.9130441 1.1574074074074e-05 0.9696077799971 0.079591661076237              1              1
2459401.9131599 1.1574074074074e-05 0.98889658205213 0.072597964449984              1              1
2459401.9132756 1.1574074074074e-05 0.91218806144776 0.072274445830886              1              1
2459401.9133914 1.1574074074074e-05 1.0595247969298 0.079180847782786              1              1
2459401.9135072 1.1574074074074e-05 0.94228232310434 0.076958499958912              1              1
2459401.9136229 1.1574074074074e-05 0.97503834181079 0.066452175442294              1              1
2459401.9137387 1.1574074074074e-05 0.98470197223644 0.074321014421358              1              1
2459401.9138544 1.1574074074074e-05 0.83240085246879 0.073236545879535              1              1
2459401.9139702 1.1574074074074e-05 1.0060999677326 0.074108244220497              1              1
2459401.9140859 1.1574074074074e-05 1.0149780959986 0.069587136846134              1              1
2459401.9142017 1.1574074074074e-05 0.86941076146703 0.058039682986219              1              1
2459401.9143175 1.1574074074074e-05 0.94023691226678 0.065060583927061              1              1
2459401.9144332 1.1574074074074e-05 0.91774260309381 0.065022249207051              1              1
2459401.914549 1.1574074074074e-05 0.98829545198514 0.069496006804161              1              1
2459401.9146647 1.1574074074074e-05 1.0054429057044 0.073564022894056              1              1
2459401.9147805 1.1574074074074e-05 0.9886201801959 0.064863765631379              1              1
2459401.9148962 1.1574074074074e-05 0.93442612521524 0.068097462337807              1              1
2459401.915012 1.1574074074074e-05 0.98192704455332 0.068917614170712              1              1
2459401.9151278 1.1574074074074e-05 0.93711276337101 0.067821250967695              1              1
2459401.9152435 1.1574074074074e-05 0.96854485990095 0.067652737295              1              1
2459401.9153593 1.1574074074074e-05 0.9131618244844 0.063481838065761              1              1
2459401.915475 1.1574074074074e-05 0.99950608565132 0.064419727698103              1              1
2459401.9155908 1.1574074074074e-05 0.93895807136564 0.075922688189765              1              1
2459401.9157065 1.1574074074074e-05 0.89971603385624 0.060648130289447              1              1
2459401.9158223 1.1574074074074e-05 0.95375009359465 0.068823213196016              1              1
2459401.9159381 1.1574074074074e-05 0.92178194057617 0.074086381547197              1              1
2459401.9160538 1.1574074074074e-05 0.8982134123766 0.06928311283381              1              1
2459401.9161696 1.1574074074074e-05 0.95942650509338 0.06411197610893              1              1
2459401.9162853 1.1574074074074e-05 0.99131265819942 0.063741208397044              1              1
2459401.9164011 1.1574074074074e-05 0.98416869687548 0.066896953676166              1              1
2459401.9165168 1.1574074074074e-05 0.9405979942667 0.067086330884605              1              1
2459401.9166326 1.1574074074074e-05 1.0544423546281 0.072243418941282              1              1
2459401.9167484 1.1574074074074e-05 0.9907721091242 0.065681067117987              1              1
2459401.9168641 1.1574074074074e-05 0.95063952265479 0.066044857815906              1              1
2459401.9169799 1.1574074074074e-05 1.1245451362478 0.066457717579112              1              1
2459401.9170956 1.1574074074074e-05 0.93375640944291 0.059781343738854              1              1
2459401.9172114 1.1574074074074e-05 0.97429764307144 0.063326441916987              1              1
2459401.9173271 1.1574074074074e-05 1.0369496201786 0.064511605390131              1              1
2459401.9174429 1.1574074074074e-05 1.0331663345566 0.064166777067585              1              1
2459401.9175587 1.1574074074074e-05 1.1104578453918 0.064444416127202              1              1
2459401.9176744 1.1574074074074e-05 1.004884290548 0.070482866070502              1              1
2459401.9177902 1.1574074074074e-05 0.96623864018964 0.061056797508916              1              1
2459401.9179059 1.1574074074074e-05 1.0066194032421 0.065826263653991              1              1
2459401.9180217 1.1574074074074e-05 1.069024651418 0.063641860739092              1              1
2459401.9181374 1.1574074074074e-05 0.98160990119642 0.063212030789119              1              1
2459401.9182532 1.1574074074074e-05 1.1506325934713 0.067027141367263              1              1
2459401.918369 1.1574074074074e-05 1.0711729938888 0.059952986029028              1              1
2459401.9184847 1.1574074074074e-05 1.057380514608 0.065589392823426              1              1
2459401.9186428 1.1574074074074e-05 1.0127919940134 0.071311933781083              1              1
2459401.9187586 1.1574074074074e-05 1.0962591615525 0.070460558776723              1              1
2459401.9188744 1.1574074074074e-05 1.0768747723226 0.071093049269911              1              1
2459401.9189901 1.1574074074074e-05 1.0085511989142 0.07454244651545              1              1
2459401.9191059 1.1574074074074e-05 1.0962141860051 0.067490798765236              1              1
2459401.9192216 1.1574074074074e-05 1.0040414585454 0.070272688044686              1              1
2459401.9193374 1.1574074074074e-05 1.1183166082598 0.06628412740637              1              1
2459401.9194531 1.1574074074074e-05 1.0937155339598 0.069902159914065              1              1
2459401.9195689 1.1574074074074e-05 1.0434056959091 0.067900587586278              1              1
2459401.9196847 1.1574074074074e-05 1.1566180760926 0.071750500998303              1              1
2459401.9198004 1.1574074074074e-05 1.2035177607613 0.066389812568064              1              1
2459401.9199162 1.1574074074074e-05 1.0757129410708 0.069973560244413              1              1
2459401.9200319 1.1574074074074e-05 1.0757052076027 0.07068858918334              1              1
2459401.9201477 1.1574074074074e-05 1.2034715713206 0.077366029584895              1              1
2459401.9202634 1.1574074074074e-05 1.1065303350807 0.066550564570792              1              1
2459401.9203792 1.1574074074074e-05 1.0341957352415 0.066576478883021              1              1
2459401.920495 1.1574074074074e-05 1.0485312557258 0.067640664484529              1              1
2459401.9206107 1.1574074074074e-05 1.106310424811 0.069346578163412              1              1
2459401.9207265 1.1574074074074e-05 1.1213632098267 0.067955259640367              1              1
2459401.9208422 1.1574074074074e-05 1.0955072483742 0.070880984368297              1              1
2459401.920958 1.1574074074074e-05 1.1238154148965 0.068906633626475              1              1
2459401.9210737 1.1574074074074e-05 1.0837406630822 0.07207040613866              1              1
2459401.9211895 1.1574074074074e-05 1.0706670144776 0.073481218132041              1              1
2459401.9213053 1.1574074074074e-05 1.0783517813047 0.066344309592653              1              1
2459401.921421 1.1574074074074e-05 0.99620531713307 0.071718515569539              1              1
2459401.9215368 1.1574074074074e-05 1.0631855225958 0.076594867574739              1              1
2459401.9216525 1.1574074074074e-05 1.0878342692616 0.078461374792725              1              1
2459401.9217683 1.1574074074074e-05 1.0366567837725 0.068433562415538              1              1
2459401.921884 1.1574074074074e-05 1.0567302291461 0.079326140319922              1              1
2459401.9219998 1.1574074074074e-05 1.0602699747555 0.082408640275115              1              1
2459401.9221156 1.1574074074074e-05 1.1218823386592 0.082098889137402              1              1
2459401.9222313 1.1574074074074e-05 1.1297269749264 0.086491190478997              1              1
2459401.9223471 1.1574074074074e-05 1.1751506270333 0.081793154438394              1              1
2459401.9224628 1.1574074074074e-05 1.0004939143487 0.086445223736279              1              1
2459401.9225786 1.1574074074074e-05 0.97273695817777 0.064566651445112              1              1
2459401.9226943 1.1574074074074e-05 1.0977951190729 0.073509459776036              1              1
2459401.9228101 1.1574074074074e-05 1.1395252153845 0.072026014691207              1              1
2459401.9229259 1.1574074074074e-05 0.92604350739459 0.069216152328687              1              1
2459401.9230416 1.1574074074074e-05 1.0107137810135 0.073665995345423              1              1
2459401.9231574 1.1574074074074e-05 1.1212048269042 0.073823335153965              1              1
2459401.9232731 1.1574074074074e-05 0.95203486952815 0.071590744301199              1              1
2459401.9233889 1.1574074074074e-05 1.0563254229491 0.080910032396101              1              1
2459401.9235046 1.1574074074074e-05 1.0260352539861 0.084351440980965              1              1
2459401.9236204 1.1574074074074e-05 0.90269811013777 0.075484776314215              1              1
2459401.9237362 1.1574074074074e-05 0.97648678583844 0.073091568151181              1              1
2459401.9238519 1.1574074074074e-05 0.92609518591406 0.081642601916108              1              1
2459401.9239677 1.1574074074074e-05 0.98181022810725 0.079458694325813              1              1
2459401.9240834 1.1574074074074e-05 0.99274978568824 0.07222983145148              1              1
2459401.9241992 1.1574074074074e-05 0.86381719561637 0.068846189992866              1              1
2459401.9243149 1.1574074074074e-05 0.85494496627703 0.068053293311851              1              1
